  209    1    2    0    0    0    0  206
20In,450K,2.5A (53634)
 1.0000  13.088  2.5133  449.986   1.0 0
                  0.0000  4.0000  0.0000
       -5.45000  4.30147e-02  2.0599e-02
       -5.40000 -2.91084e-03  1.8231e-02
       -5.35000  8.68132e-05  1.2225e-02
       -5.30000  7.37056e-03  1.2482e-02
       -5.25000  6.33293e-03  9.4090e-03
       -5.20000  2.63593e-02  1.0580e-02
       -5.15000  2.60910e-02  1.0925e-02
       -5.10000  1.42683e-02  1.7803e-02
       -5.05000  1.58648e-02  1.3065e-02
       -5.00000  1.53695e-02  1.4982e-02
       -4.95000  1.52847e-02  1.4462e-02
       -4.90000  1.39581e-02  1.0619e-02
       -4.85000  1.67445e-02  1.0100e-02
       -4.80000  1.70908e-02  9.6654e-03
       -4.75000  1.83478e-02  1.1166e-02
       -4.70000  2.10667e-02  1.8747e-02
       -4.65000  1.47854e-02  1.0592e-02
       -4.60000  2.92794e-02  7.2204e-03
       -4.55000  2.08845e-02  7.1276e-03
       -4.50000  3.39862e-03  1.0046e-02
       -4.45000  1.03788e-02  7.4948e-03
       -4.40000  2.18715e-02  9.9735e-03
       -4.35000  1.69458e-02  1.1692e-02
       -4.30000  1.72665e-02  1.3175e-02
       -4.25000  2.40838e-02  9.5228e-03
       -4.20000  1.32990e-02  1.2400e-02
       -4.15000  7.01102e-03  9.0658e-03
       -4.10000  1.65430e-02  8.2025e-03
       -4.05000  2.47239e-02  9.0019e-03
       -4.00000  1.84057e-02  8.1391e-03
       -3.95000  5.04531e-03  5.2120e-03
       -3.90000  7.14476e-04  1.1828e-02
       -3.85000  5.17037e-03  6.6829e-03
       -3.80000  1.61664e-02  4.9673e-03
       -3.75000  2.36052e-02  8.9924e-03
       -3.70000  8.28343e-03  1.2444e-02
       -3.65000  1.36592e-02  1.0997e-02
       -3.60000  2.16116e-02  1.1290e-02
       -3.55000  2.18187e-02  1.2653e-02
       -3.50000  1.69384e-02  1.3419e-02
       -3.45000  1.15394e-02  1.3365e-02
       -3.40000  1.04793e-02  1.4428e-02
       -3.35000  1.64910e-02  1.6447e-02
       -3.30000  3.43525e-02  1.0654e-02
       -3.25000  2.75179e-02  8.6823e-03
       -3.20000  2.10769e-02  1.0215e-02
       -3.15000  1.68063e-02  1.0495e-02
       -3.10000  1.59523e-02  9.0728e-03
       -3.05000  1.90513e-02  1.1588e-02
       -3.00000  9.22363e-03  1.5682e-02
       -2.95000  2.44895e-03  1.5540e-02
       -2.90000  7.46244e-03  1.4146e-02
       -2.85000  1.34393e-02  1.3529e-02
       -2.80000  1.24078e-02  8.7501e-03
       -2.75000  1.52489e-02  9.0903e-03
       -2.70000  1.10182e-02  1.2338e-02
       -2.65000  1.12613e-04  1.5252e-02
       -2.60000  1.28457e-02  1.3517e-02
       -2.55000  2.81819e-02  1.4541e-02
       -2.50000  2.41501e-02  1.6158e-02
       -2.45000 -6.98288e-03  1.0985e-02
       -2.40000  9.53536e-03  1.1828e-02
       -2.35000  1.95700e-02  1.8136e-02
       -2.30000  3.44000e-02  1.8156e-02
       -2.25000  4.74175e-03  1.3272e-02
       -2.20000  1.99651e-02  9.5827e-03
       -2.15000  1.81868e-02  8.5613e-03
       -2.10000  2.62420e-02  1.1696e-02
       -2.05000  3.06394e-02  1.1495e-02
       -2.00000  2.42692e-02  1.1790e-02
       -1.95000  2.62668e-02  1.2126e-02
       -1.90000  2.11035e-02  1.5136e-02
       -1.85000  2.14628e-02  1.2915e-02
       -1.80000  3.85735e-02  1.0284e-02
       -1.75000  3.35362e-02  1.2480e-02
       -1.70000  3.87637e-02  9.9673e-03
       -1.65000  4.91603e-02  1.6085e-02
       -1.60000  3.39613e-02  1.1903e-02
       -1.55000  3.16379e-02  1.2820e-02
       -1.50000  3.61102e-02  1.3709e-02
       -1.45000  4.53200e-02  1.3894e-02
       -1.40000  3.49851e-02  1.6967e-02
       -1.35000  3.77785e-02  1.8334e-02
       -1.30000  3.79813e-02  1.7723e-02
       -1.25000  1.73383e-02  1.8867e-02
       -1.20000  7.38402e-03  2.5788e-02
       -1.15000  9.25005e-03  2.1802e-02
       -1.10000  3.41155e-02  2.5592e-02
       -1.05000  1.61098e-02  2.2007e-02
       -1.00000  3.26501e-02  1.8156e-02
       -0.95000  3.69817e-02  2.3312e-02
       -0.90000  3.30467e-02  2.4067e-02
       -0.85000  5.91199e-02  1.7161e-02
       -0.80000  5.97400e-02  2.0019e-02
       -0.75000  3.92418e-02  2.4661e-02
       -0.70000  5.75716e-02  2.6494e-02
       -0.65000  7.82947e-02  2.0855e-02
       -0.60000  2.26396e-01  3.4063e-02
       -0.55000  2.31183e-01  3.7407e-02
       -0.50000  5.22199e-01  5.2040e-02
       -0.45000  9.51968e-01  7.2585e-02
       -0.40000  1.92879e+00  1.0301e-01
       -0.35000  3.18309e+00  1.4918e-01
       -0.30000  4.89224e+00  1.9607e-01
       -0.25000  7.23849e+00  2.3099e-01
       -0.20000  9.52626e+00  2.3973e-01
       -0.15000  1.18893e+01  2.4778e-01
       -0.10000  1.41807e+01  2.7266e-01
       -0.05000  1.51412e+01  3.2545e-01
        0.00000  1.61379e+01  3.3376e-01
        0.05000  1.53113e+01  3.1261e-01
        0.10000  1.39803e+01  2.7897e-01
        0.15000  1.22697e+01  2.6722e-01
        0.20000  9.89935e+00  2.6450e-01
        0.25000  6.82012e+00  2.2736e-01
        0.30000  4.93835e+00  1.6580e-01
        0.35000  3.30778e+00  1.3356e-01
        0.40000  1.88710e+00  1.2135e-01
        0.45000  8.60373e-01  9.3045e-02
        0.50000  6.13653e-01  6.6197e-02
        0.55000  3.31578e-01  5.9086e-02
        0.60000  2.13574e-01  5.6205e-02
        0.65000  1.46035e-01  5.4229e-02
        0.70000  1.20676e-01  4.4565e-02
        0.75000  6.49277e-02  4.6264e-02
        0.80000  1.11234e-01  3.4433e-02
        0.85000  1.30095e-01  3.8933e-02
        0.90000  9.79396e-02  3.3612e-02
        0.95000  1.45889e-01  3.5657e-02
        1.00000  1.03592e-01  3.5090e-02
        1.05000  1.13335e-01  3.6379e-02
        1.10000  1.01252e-01  2.5730e-02
        1.15000  2.72493e-03  2.8921e-02
        1.20000  3.80033e-02  2.7532e-02
        1.25000  3.20570e-02  2.7850e-02
        1.30000  9.68891e-02  3.5975e-02
        1.35000  5.53830e-02  3.0924e-02
        1.40000  8.45841e-02  2.7141e-02
        1.45000  4.03529e-02  3.2162e-02
        1.50000  4.62714e-02  3.0674e-02
        1.55000  3.85975e-02  3.5701e-02
        1.60000  7.41397e-02  2.7583e-02
        1.65000  5.11110e-02  3.2886e-02
        1.70000  7.39490e-02  2.7708e-02
        1.75000  4.59375e-02  2.8598e-02
        1.80000  7.60428e-02  2.6422e-02
        1.85000  5.17406e-02  2.4533e-02
        1.90000  5.51204e-02  2.9943e-02
        1.95000  4.22400e-02  3.0374e-02
        2.00000  5.04609e-02  2.4031e-02
        2.05000  3.76576e-02  2.8209e-02
        2.10000  1.31799e-02  2.4048e-02
        2.15000 -3.62670e-02  2.5821e-02
        2.20000  3.66159e-02  1.9125e-02
        2.25000  5.59846e-02  1.8852e-02
        2.30000  8.82292e-02  1.9114e-02
        2.35000  2.84176e-02  2.0754e-02
        2.40000 -7.89990e-03  2.1892e-02
        2.45000 -7.24992e-03  1.0636e-02
        2.50000  1.33126e-02  1.7745e-02
        2.55000  3.15279e-02  2.1162e-02
        2.60000  3.26040e-02  1.4584e-02
        2.65000  6.76270e-03  2.0642e-02
        2.70000  2.38669e-02  2.6395e-02
        2.75000  2.26852e-02  2.2874e-02
        2.80000  3.84447e-02  2.0668e-02
        2.85000  2.80844e-02  2.2546e-02
        2.90000 -5.48015e-04  2.2626e-02
        2.95000  5.89500e-02  1.2294e-02
        3.00000  1.40776e-02  1.0349e-02
        3.05000 -1.85334e-03  1.4767e-02
        3.10000 -8.13493e-03  2.2162e-02
        3.15000  2.56780e-02  1.0569e-02
        3.20000  7.34955e-03  1.4872e-02
        3.25000  6.13882e-03  1.8192e-02
        3.30000  1.08653e-02  1.7879e-02
        3.35000  2.46537e-02  1.2097e-02
        3.40000  8.83153e-03  2.4206e-02
        3.45000  2.99664e-02  1.7480e-02
        3.50000  2.29500e-02  2.2556e-02
        3.55000  2.93286e-02  1.5219e-02
        3.60000  1.41630e-02  2.8110e-02
        3.65000  1.03999e-02  1.9252e-02
        3.70000  1.49352e-02  1.0992e-02
        3.75000  1.22175e-02  1.2444e-02
        3.80000  5.11836e-02  1.9200e-02
        3.85000  9.75331e-03  1.1697e-02
        3.90000  2.46940e-02  1.6291e-02
        3.95000  1.26796e-02  1.3706e-02
        4.00000  1.30904e-02  1.7079e-02
        4.05000  5.87029e-03  2.2259e-02
        4.10000  1.19866e-02  1.8446e-02
        4.15000  1.96415e-02  1.4834e-02
        4.20000  3.75843e-02  2.0622e-02
        4.25000  2.17642e-02  2.0107e-02
        4.30000  2.32830e-02  1.9760e-02
        4.35000  1.99857e-02  2.3066e-02
        4.40000  2.15363e-02  1.3707e-02
        4.45000  1.46687e-02  2.0368e-02
        4.50000 -5.29080e-04  2.5684e-02
        4.55000  7.04715e-03  2.6093e-02
        4.60000  2.69807e-02  2.5373e-02
        4.65000  3.60310e-03  2.6242e-02
        4.70000  1.34517e-02  1.9259e-02
        4.75000  2.59021e-02  1.3461e-02
        4.80000  2.74716e-02  8.7026e-03
  209    1    2    0    0    0    0  206
20In,450K,2.5A (53634)
 2.0000  13.088  2.5133  449.986   1.0 0
                  0.0000  4.0000  0.0000
       -5.45000  2.56198e-02  1.2182e-02
       -5.40000  2.36225e-02  7.0050e-03
       -5.35000  1.56164e-02  6.4022e-03
       -5.30000  9.05312e-03  9.1743e-03
       -5.25000  1.24667e-02  1.1365e-02
       -5.20000  1.33271e-02  4.8811e-03
       -5.15000  1.49067e-02  5.4278e-03
       -5.10000  1.96227e-02  1.0991e-02
       -5.05000  2.62859e-02  1.1900e-02
       -5.00000  1.82570e-02  1.0961e-02
       -4.95000  1.36659e-02  1.1343e-02
       -4.90000  9.30986e-03  1.4210e-02
       -4.85000  8.49923e-03  9.7085e-03
       -4.80000  5.79197e-03  5.1843e-03
       -4.75000  9.31211e-03  5.3997e-03
       -4.70000  2.16394e-02  9.5026e-03
       -4.65000  7.36354e-03  1.8077e-02
       -4.60000  1.50400e-02  1.0899e-02
       -4.55000  1.06835e-02  1.0340e-02
       -4.50000  1.04875e-03  1.3668e-02
       -4.45000 -6.86668e-03  9.4481e-03
       -4.40000  3.17509e-02  7.5761e-03
       -4.35000  2.70710e-02  8.7114e-03
       -4.30000  1.76179e-02  9.6736e-03
       -4.25000  1.66546e-02  4.4299e-04
       -4.20000  2.25360e-04  1.3861e-02
       -4.15000  1.10070e-02  8.8799e-03
       -4.10000  1.35422e-02  9.0935e-03
       -4.05000  1.43887e-02  1.1721e-02
       -4.00000  1.67169e-02  1.5634e-02
       -3.95000  2.14058e-02  1.5498e-02
       -3.90000  1.36721e-02  1.9825e-02
       -3.85000  1.14507e-02  1.6176e-02
       -3.80000  1.86183e-02  1.4973e-02
       -3.75000  3.00609e-02  1.3542e-02
       -3.70000  1.29873e-02  1.8022e-02
       -3.65000  1.53127e-02  8.7509e-03
       -3.60000  3.27037e-02  1.1958e-02
       -3.55000  3.18737e-02  9.9457e-03
       -3.50000  2.51192e-02  9.5392e-03
       -3.45000  1.55058e-02  1.1427e-02
       -3.40000  9.39754e-03  1.3932e-02
       -3.35000  1.84749e-02  1.9730e-02
       -3.30000  2.42595e-02  1.9885e-02
       -3.25000  1.99375e-02  1.7609e-02
       -3.20000  1.87635e-02  1.2887e-02
       -3.15000  2.33700e-02  1.0970e-02
       -3.10000  2.35296e-02  1.4845e-02
       -3.05000  8.33031e-03  2.3079e-02
       -3.00000 -2.68766e-02  1.6387e-02
       -2.95000  1.17651e-02  2.4336e-02
       -2.90000  9.62930e-03  1.5051e-02
       -2.85000  2.17006e-02  1.5241e-02
       -2.80000  3.71987e-02  1.3696e-02
       -2.75000  1.73151e-02  1.1155e-02
       -2.70000  1.35551e-02  1.3407e-02
       -2.65000  2.44318e-02  1.7910e-02
       -2.60000  9.94190e-03  1.7924e-02
       -2.55000  2.64519e-02  1.7764e-02
       -2.50000  1.69457e-02  1.5824e-02
       -2.45000  3.94455e-02  2.0589e-02
       -2.40000  1.27641e-02  1.0592e-02
       -2.35000  1.13984e-02  2.2125e-02
       -2.30000  2.17177e-02  2.5340e-02
       -2.25000  3.22411e-03  1.7862e-02
       -2.20000  2.26424e-02  1.6812e-02
       -2.15000  3.07081e-02  1.1986e-02
       -2.10000  2.51868e-02  1.8063e-02
       -2.05000  8.05929e-03  1.3458e-02
       -2.00000  3.56855e-02  1.1123e-02
       -1.95000  2.41701e-02  1.6774e-02
       -1.90000  2.42353e-02  1.9185e-02
       -1.85000  4.60652e-02  1.5907e-02
       -1.80000  5.17031e-02  1.9909e-02
       -1.75000  4.24109e-02  2.2492e-02
       -1.70000  4.05366e-02  2.5287e-02
       -1.65000  2.80632e-02  2.1865e-02
       -1.60000  3.93863e-02  1.8245e-02
       -1.55000  2.70189e-02  1.9294e-02
       -1.50000  2.20423e-03  2.8480e-02
       -1.45000  9.03278e-03  3.0730e-02
       -1.40000  4.52525e-02  3.6959e-02
       -1.35000  4.37279e-02  3.1432e-02
       -1.30000  2.82813e-02  3.2791e-02
       -1.25000  2.80322e-02  3.9584e-02
       -1.20000  2.97989e-02  3.6316e-02
       -1.15000  1.49070e-04  4.6312e-02
       -1.10000  5.84604e-02  2.6113e-02
       -1.05000  8.29227e-02  4.6157e-02
       -1.00000  5.61626e-02  3.1725e-02
       -0.95000  5.41810e-02  2.9666e-02
       -0.90000  7.87370e-02  3.8749e-02
       -0.85000  4.19537e-02  3.5785e-02
       -0.80000  6.73131e-02  4.4952e-02
       -0.75000  7.39315e-02  3.9217e-02
       -0.70000  6.38407e-02  4.2413e-02
       -0.65000  5.56543e-02  6.4677e-02
       -0.60000  1.39905e-01  5.3972e-02
       -0.55000  2.12405e-01  8.2101e-02
       -0.50000  4.59710e-01  8.6391e-02
       -0.45000  1.06411e+00  1.0381e-01
       -0.40000  1.99324e+00  1.4893e-01
       -0.35000  3.16734e+00  2.0554e-01
       -0.30000  4.81675e+00  2.6910e-01
       -0.25000  6.90127e+00  3.3495e-01
       -0.20000  9.46700e+00  3.4007e-01
       -0.15000  1.17523e+01  3.4738e-01
       -0.10000  1.39675e+01  3.9355e-01
       -0.05000  1.50526e+01  4.4506e-01
        0.00000  1.54799e+01  4.9006e-01
        0.05000  1.47695e+01  4.4129e-01
        0.10000  1.34405e+01  3.8240e-01
        0.15000  1.19839e+01  3.6154e-01
        0.20000  9.55983e+00  3.5738e-01
        0.25000  6.66327e+00  3.0086e-01
        0.30000  4.67868e+00  2.3012e-01
        0.35000  2.95137e+00  1.9316e-01
        0.40000  1.79837e+00  1.6786e-01
        0.45000  9.08241e-01  1.4660e-01
        0.50000  5.82080e-01  9.4034e-02
        0.55000  4.67205e-01  8.8615e-02
        0.60000  2.86276e-01  8.9205e-02
        0.65000  2.42620e-01  8.0784e-02
        0.70000  1.82932e-01  7.3147e-02
        0.75000  1.33392e-01  7.6773e-02
        0.80000  1.00744e-01  6.2619e-02
        0.85000  1.30952e-01  6.5988e-02
        0.90000  1.19699e-01  6.4074e-02
        0.95000  6.67676e-02  6.1325e-02
        1.00000  5.28457e-02  5.7874e-02
        1.05000  9.87832e-02  6.1313e-02
        1.10000  1.21041e-01  5.9310e-02
        1.15000 -1.59258e-02  6.1330e-02
        1.20000  6.49606e-02  4.6195e-02
        1.25000  9.56454e-02  5.5009e-02
        1.30000  7.12963e-02  5.5679e-02
        1.35000  3.94954e-02  4.2693e-02
        1.40000  4.42976e-02  5.1171e-02
        1.45000  7.43290e-02  4.6039e-02
        1.50000  1.89505e-02  4.3510e-02
        1.55000  4.84344e-02  4.4350e-02
        1.60000  3.15612e-02  4.6497e-02
        1.65000  8.89197e-02  4.0988e-02
        1.70000  1.06774e-01  5.2118e-02
        1.75000  1.00946e-01  3.8669e-02
        1.80000  3.68341e-02  4.9202e-02
        1.85000  9.75873e-03  5.1669e-02
        1.90000  1.48496e-02  3.8336e-02
        1.95000  5.03270e-02  5.0302e-02
        2.00000  4.97653e-02  4.4696e-02
        2.05000  2.51095e-02  4.1624e-02
        2.10000  6.95297e-03  3.5835e-02
        2.15000  1.67288e-02  6.0274e-02
        2.20000  2.80137e-02  4.3823e-02
        2.25000  2.02174e-02  4.2748e-02
        2.30000  2.30279e-02  2.9472e-02
        2.35000  3.17484e-02  2.6309e-02
        2.40000  3.34117e-02  4.1542e-02
        2.45000  5.00831e-02  3.9810e-02
        2.50000  2.87388e-02  3.2456e-02
        2.55000  1.67141e-02  2.2918e-02
        2.60000  3.11243e-02  3.0649e-02
        2.65000  2.47412e-02  3.9326e-02
        2.70000  3.74150e-02  2.1826e-02
        2.75000  1.54507e-02  3.6245e-02
        2.80000 -1.36815e-02  3.7942e-02
        2.85000 -7.31309e-03  2.6300e-02
        2.90000  2.48966e-02  3.6366e-02
        2.95000  2.12557e-02  2.6187e-02
        3.00000  5.83230e-02  2.4855e-02
        3.05000  4.20712e-02  4.2296e-02
        3.10000  4.53317e-02  2.5302e-02
        3.15000  2.11428e-02  3.1221e-02
        3.20000  4.22959e-02  3.1914e-02
        3.25000  1.89235e-02  2.6774e-02
        3.30000  4.60783e-02  2.5725e-02
        3.35000  2.16120e-02  1.9460e-02
        3.40000  2.08606e-02  2.9073e-02
        3.45000 -2.79084e-02  1.6971e-02
        3.50000  2.18100e-02  4.2101e-02
        3.55000  1.65307e-02  1.7994e-02
        3.60000  3.27037e-02  2.7988e-02
        3.65000 -1.81858e-03  1.6946e-02
        3.70000 -9.30689e-03  2.7445e-02
        3.75000  1.98121e-02  2.7020e-02
        3.80000 -1.56155e-02  2.2103e-02
        3.85000  2.11215e-02  2.2668e-02
        3.90000  5.06464e-02  2.2603e-02
        3.95000  2.07808e-02  2.0054e-02
        4.00000  4.44580e-03  2.4032e-02
        4.05000  1.98964e-02  2.2501e-02
        4.10000  2.60314e-02  2.4308e-02
        4.15000  7.53785e-03  2.5596e-02
        4.20000 -5.92462e-04  2.2837e-02
        4.25000  2.09614e-02  2.3496e-02
        4.30000  2.75679e-02  2.3952e-02
        4.35000  3.83223e-02  1.0800e-02
        4.40000  1.99445e-02  2.2011e-02
        4.45000  2.38185e-02  2.2986e-02
        4.50000  2.53607e-02  2.0248e-02
        4.55000  9.14864e-03  1.9657e-02
        4.60000  1.37958e-02  8.4539e-03
        4.65000  2.42739e-05  1.4386e-02
        4.70000 -2.66278e-03  1.6992e-02
        4.75000  3.96397e-02  1.3831e-02
        4.80000  4.09608e-02  2.4229e-02
  209    1    2    0    0    0    0  206
20In,450K,2.5A (53634)
 3.0000  13.088  2.5133  449.986   1.0 0
                  0.0000  4.0000  0.0000
       -5.45000 -2.56890e-03  2.1177e-02
       -5.40000  1.67140e-02  1.4214e-02
       -5.35000  1.76962e-02  1.1373e-02
       -5.30000  1.51137e-02  1.4305e-02
       -5.25000  3.83052e-03  1.8171e-02
       -5.20000  3.19454e-04  1.0727e-02
       -5.15000 -2.08462e-03  1.0075e-02
       -5.10000 -3.50606e-03  1.4614e-02
       -5.05000  1.89937e-02  1.0306e-02
       -5.00000  3.22788e-03  8.5802e-03
       -4.95000  7.59201e-03  8.1472e-03
       -4.90000  2.94330e-02  6.3834e-03
       -4.85000  3.06723e-02  2.2050e-02
       -4.80000  2.79507e-02  1.3443e-02
       -4.75000  2.50836e-02  1.3216e-02
       -4.70000  2.14043e-02  1.9264e-02
       -4.65000  3.83517e-03  2.0515e-02
       -4.60000  1.39776e-02  1.6122e-02
       -4.55000  1.09184e-02  1.3723e-02
       -4.50000  6.04411e-03  1.4112e-02
       -4.45000  2.51780e-02  1.0852e-02
       -4.40000  1.88249e-02  8.6924e-03
       -4.35000  1.59333e-02  1.3850e-02
       -4.30000  1.50621e-02  1.5420e-02
       -4.25000  1.70469e-02  1.0784e-02
       -4.20000  8.48032e-03  1.6992e-02
       -4.15000  3.09868e-02  1.1768e-02
       -4.10000  3.22215e-02  9.5306e-03
       -4.05000  1.88110e-02  9.5876e-03
       -4.00000  1.05952e-03  1.0815e-02
       -3.95000  3.14231e-03  1.4437e-02
       -3.90000  8.80903e-03  1.3788e-02
       -3.85000  1.78295e-02  1.3803e-02
       -3.80000  1.94191e-02  1.4421e-02
       -3.75000  1.12583e-02  1.4991e-02
       -3.70000 -8.52999e-03  1.5199e-02
       -3.65000  3.54779e-02  6.1152e-04
       -3.60000  2.66534e-02  1.1863e-02
       -3.55000  3.17082e-02  1.1406e-02
       -3.50000  2.77319e-02  1.1232e-02
       -3.45000  1.31137e-02  1.1160e-02
       -3.40000  1.45344e-02  2.0235e-02
       -3.35000  8.67898e-03  1.4192e-02
       -3.30000  2.70831e-02  1.6121e-02
       -3.25000  8.64409e-03  1.3093e-02
       -3.20000  8.90144e-03  1.2124e-02
       -3.15000  1.87896e-02  1.3584e-02
       -3.10000  1.97505e-02  1.5678e-02
       -3.05000  1.75550e-02  1.4795e-02
       -3.00000  1.78591e-02  1.2156e-02
       -2.95000  1.75364e-02  1.5859e-02
       -2.90000  4.19836e-02  1.5171e-02
       -2.85000  3.35936e-02  1.1088e-02
       -2.80000  3.99943e-02  9.5706e-03
       -2.75000  2.63615e-02  9.8821e-03
       -2.70000  1.02616e-02  1.1970e-02
       -2.65000  1.05412e-02  1.5639e-02
       -2.60000  1.00433e-02  1.5217e-02
       -2.55000  5.11121e-03  1.5966e-02
       -2.50000  1.05195e-02  1.9966e-02
       -2.45000  1.03704e-02  2.1942e-02
       -2.40000 -1.85787e-02  2.1026e-02
       -2.35000  1.90055e-02  2.1744e-02
       -2.30000  3.01062e-02  1.7491e-02
       -2.25000  4.91168e-02  2.1643e-02
       -2.20000  2.41488e-02  1.2341e-02
       -2.15000  3.98957e-02  9.8409e-03
       -2.10000  3.94622e-02  1.1283e-02
       -2.05000  3.97263e-02  1.3169e-02
       -2.00000  3.50788e-02  1.1337e-02
       -1.95000  3.54950e-02  1.7498e-02
       -1.90000  2.55012e-02  1.4554e-02
       -1.85000  1.63640e-02  8.5137e-03
       -1.80000  1.89173e-02  1.5376e-02
       -1.75000  2.74862e-02  1.6133e-02
       -1.70000  3.51490e-02  1.7119e-02
       -1.65000  4.43084e-02  2.0394e-02
       -1.60000  3.45703e-02  1.4580e-02
       -1.55000  5.95744e-02  1.3777e-02
       -1.50000  6.16035e-02  1.7601e-02
       -1.45000  5.94355e-02  1.5004e-02
       -1.40000  3.67901e-02  1.7938e-02
       -1.35000  4.89324e-02  1.7749e-02
       -1.30000  7.49270e-02  1.5743e-02
       -1.25000  3.52672e-02  1.9775e-02
       -1.20000  4.65853e-02  2.1288e-02
       -1.15000  5.51413e-02  2.3459e-02
       -1.10000  3.48991e-02  2.4522e-02
       -1.05000  4.75928e-02  1.4059e-02
       -1.00000  6.76109e-02  1.7942e-02
       -0.95000  6.84275e-02  2.1481e-02
       -0.90000  4.91718e-02  2.2161e-02
       -0.85000  5.69396e-02  2.1486e-02
       -0.80000  6.23078e-02  2.3513e-02
       -0.75000  9.45428e-02  2.3136e-02
       -0.70000  1.00865e-01  2.5352e-02
       -0.65000  1.02228e-01  2.8540e-02
       -0.60000  1.28288e-01  3.5934e-02
       -0.55000  3.66814e-01  4.4420e-02
       -0.50000  5.70910e-01  6.0245e-02
       -0.45000  1.13553e+00  7.9743e-02
       -0.40000  1.88656e+00  1.1076e-01
       -0.35000  3.17344e+00  1.4723e-01
       -0.30000  4.59070e+00  2.1414e-01
       -0.25000  7.21324e+00  2.5026e-01
       -0.20000  9.56048e+00  2.5612e-01
       -0.15000  1.18396e+01  2.6412e-01
       -0.10000  1.32620e+01  2.9055e-01
       -0.05000  1.47417e+01  3.3169e-01
        0.00000  1.53789e+01  3.6896e-01
        0.05000  1.51532e+01  3.3940e-01
        0.10000  1.38340e+01  2.9339e-01
        0.15000  1.21287e+01  2.8136e-01
        0.20000  1.00509e+01  2.8953e-01
        0.25000  7.44236e+00  2.5011e-01
        0.30000  5.22616e+00  1.8024e-01
        0.35000  3.45360e+00  1.4951e-01
        0.40000  1.91316e+00  1.2865e-01
        0.45000  1.05563e+00  9.0228e-02
        0.50000  5.17909e-01  7.2272e-02
        0.55000  3.82675e-01  6.5714e-02
        0.60000  2.17712e-01  6.8170e-02
        0.65000  1.99102e-01  4.9519e-02
        0.70000  1.02802e-01  4.9398e-02
        0.75000  8.68461e-02  5.9488e-02
        0.80000  2.21098e-01  4.5275e-02
        0.85000  1.64232e-01  4.5190e-02
        0.90000  1.38504e-01  4.4055e-02
        0.95000  1.15862e-01  3.6939e-02
        1.00000  9.29083e-02  3.2114e-02
        1.05000  8.95519e-02  4.2452e-02
        1.10000  7.74153e-02  3.3887e-02
        1.15000  6.82863e-02  3.9058e-02
        1.20000  1.08566e-01  3.0241e-02
        1.25000  1.03538e-01  3.4488e-02
        1.30000  7.40113e-02  3.5151e-02
        1.35000  9.67212e-02  2.8950e-02
        1.40000  1.12048e-01  2.8216e-02
        1.45000  4.14196e-02  3.4978e-02
        1.50000  6.24217e-03  2.8528e-02
        1.55000  5.48960e-02  3.3945e-02
        1.60000  7.05475e-02  2.6425e-02
        1.65000  7.17123e-02  3.3473e-02
        1.70000  5.55449e-02  2.6895e-02
        1.75000  5.94325e-02  2.9162e-02
        1.80000  2.13568e-02  2.8545e-02
        1.85000  5.17397e-02  2.5383e-02
        1.90000  1.54215e-02  2.7868e-02
        1.95000  7.47240e-02  2.6153e-02
        2.00000  9.67874e-02  3.4276e-02
        2.05000  5.71427e-02  2.2026e-02
        2.10000  3.80888e-02  2.6744e-02
        2.15000  6.03841e-02  2.0818e-02
        2.20000  9.94944e-03  1.9520e-02
        2.25000  2.21557e-02  1.6227e-02
        2.30000  2.98358e-02  1.6580e-02
        2.35000 -1.29903e-02  1.6988e-02
        2.40000  2.89274e-02  1.6414e-02
        2.45000  7.37730e-03  1.8936e-02
        2.50000  4.55034e-02  2.7360e-02
        2.55000  5.95618e-02  2.6345e-02
        2.60000  5.71321e-02  1.5573e-02
        2.65000  4.23723e-02  1.8332e-02
        2.70000  1.95277e-02  1.9170e-02
        2.75000  2.25545e-02  2.2382e-02
        2.80000  3.73704e-03  1.9927e-02
        2.85000  4.05014e-02  2.1777e-02
        2.90000  4.27592e-02  1.9105e-02
        2.95000  2.44317e-02  2.5875e-02
        3.00000  2.37070e-02  2.3931e-02
        3.05000  2.70119e-02  1.6589e-02
        3.10000  3.60548e-02  2.4191e-02
        3.15000  2.38885e-02  8.8791e-03
        3.20000  1.86735e-02  1.5120e-02
        3.25000  1.77731e-02  1.9273e-02
        3.30000  2.59762e-02  2.0878e-02
        3.35000  5.82978e-02  1.7139e-02
        3.40000  7.49882e-02  2.1959e-02
        3.45000  1.08514e-02  2.1586e-02
        3.50000 -3.40340e-03  2.8165e-02
        3.55000  1.86241e-02  2.2093e-02
        3.60000 -9.31785e-05  2.0180e-02
        3.65000  2.87239e-02  1.6925e-02
        3.70000  1.93720e-02  2.0343e-02
        3.75000  2.57115e-02  1.3954e-02
        3.80000  1.17970e-02  1.7383e-02
        3.85000  7.15776e-03  1.6872e-02
        3.90000  7.88703e-03  2.2167e-02
        3.95000  5.56616e-03  1.7655e-02
        4.00000  2.49659e-02  2.1946e-02
        4.05000  4.70417e-03  2.9756e-02
        4.10000  3.16889e-02  8.1489e-03
        4.15000  2.61216e-02  1.6516e-02
        4.20000  4.02142e-02  2.3039e-02
        4.25000  3.98005e-02  2.4887e-02
        4.30000  2.72925e-02  1.5363e-02
        4.35000  8.88397e-03  1.8370e-02
        4.40000  9.70567e-03  1.5798e-02
        4.45000  2.71356e-02  1.3601e-02
        4.50000 -1.00634e-02  1.5699e-02
        4.55000  1.27039e-02  2.3432e-02
        4.60000  1.35299e-02  2.0405e-02
        4.65000  1.88400e-02  1.5843e-02
        4.70000  1.42000e-02  2.3308e-02
        4.75000  2.12346e-02  1.9929e-02
        4.80000  2.35389e-02  1.8731e-02
  209    1    2    0    0    0    0  206
20In,450K,2.5A (53634)
 4.0000  13.088  2.5133  449.986   1.0 0
                  0.0000  4.0000  0.0000
       -5.45000  1.62748e-02  1.4568e-02
       -5.40000  1.55017e-03  1.3827e-02
       -5.35000  1.48121e-02  1.0119e-02
       -5.30000  2.79567e-02  1.1616e-02
       -5.25000  2.44001e-02  9.1366e-03
       -5.20000  1.62578e-02  1.0415e-02
       -5.15000  1.61725e-02  9.4995e-03
       -5.10000  2.05436e-02  1.1165e-02
       -5.05000  3.19860e-02  1.0648e-02
       -5.00000  2.09523e-02  9.0981e-03
       -4.95000  2.07702e-02  9.4612e-03
       -4.90000  3.07941e-02  1.5046e-02
       -4.85000  1.85682e-02  1.4723e-02
       -4.80000  7.37815e-03  9.2836e-03
       -4.75000  3.01053e-03  8.6309e-03
       -4.70000  5.53780e-03  1.0663e-02
       -4.65000  8.13596e-03  1.3911e-02
       -4.60000  9.49686e-04  8.1267e-03
       -4.55000  7.80629e-03  7.8276e-03
       -4.50000  1.87973e-02  1.1487e-02
       -4.45000  8.90418e-03  1.4258e-02
       -4.40000  1.85066e-02  1.4467e-02
       -4.35000  2.11147e-02  1.0856e-02
       -4.30000  2.39333e-02  1.0895e-02
       -4.25000  2.70252e-02  1.5912e-02
       -4.20000  2.49472e-02  1.9532e-02
       -4.15000  3.05324e-02  1.1908e-02
       -4.10000  2.40010e-02  9.7352e-03
       -4.05000  1.22999e-02  1.0127e-02
       -4.00000  1.05998e-02  1.1231e-02
       -3.95000  1.54566e-02  1.1318e-02
       -3.90000  1.70022e-02  5.7033e-03
       -3.85000  1.72545e-02  1.0114e-02
       -3.80000  1.28690e-02  1.0985e-02
       -3.75000  9.90000e-03  9.4038e-03
       -3.70000  1.93961e-02  1.5797e-02
       -3.65000  1.37652e-02  1.5590e-02
       -3.60000  1.71040e-02  1.1937e-02
       -3.55000  1.58262e-02  1.2682e-02
       -3.50000  1.58397e-02  1.4104e-02
       -3.45000  1.87747e-02  1.6282e-02
       -3.40000  1.92599e-02  1.8848e-02
       -3.35000  2.85847e-02  1.6281e-02
       -3.30000  3.42932e-02  8.6249e-03
       -3.25000  2.16118e-02  6.5490e-03
       -3.20000  1.54019e-02  9.7651e-03
       -3.15000  1.69542e-02  1.2900e-02
       -3.10000  2.26112e-02  1.5889e-02
       -3.05000  3.52252e-02  1.3771e-02
       -3.00000  3.10394e-02  1.0503e-02
       -2.95000  3.67880e-02  1.6603e-02
       -2.90000  1.93469e-02  1.8532e-02
       -2.85000  3.05741e-02  1.2154e-02
       -2.80000  3.31721e-02  1.0043e-02
       -2.75000  3.46172e-02  1.1322e-02
       -2.70000  2.94399e-02  1.0293e-02
       -2.65000  2.12843e-02  7.8117e-03
       -2.60000  2.14715e-02  1.4257e-02
       -2.55000  2.11940e-02  1.5525e-02
       -2.50000  2.45817e-02  1.5618e-02
       -2.45000  1.61504e-02  1.5578e-02
       -2.40000  3.36582e-02  2.0563e-02
       -2.35000  2.58063e-02  1.5730e-02
       -2.30000  3.20280e-02  1.2091e-02
       -2.25000  1.87203e-02  1.8449e-02
       -2.20000  4.03793e-02  1.9259e-02
       -2.15000  2.16018e-02  1.3391e-02
       -2.10000  2.93056e-02  1.6303e-02
       -2.05000  1.38611e-02  1.1109e-02
       -2.00000  1.59667e-02  1.6792e-02
       -1.95000  2.01849e-02  1.7112e-02
       -1.90000  2.30386e-02  1.4140e-02
       -1.85000  3.80725e-02  1.5693e-02
       -1.80000  5.08040e-02  1.7719e-02
       -1.75000  4.48896e-02  1.7924e-02
       -1.70000  4.48312e-02  1.8723e-02
       -1.65000  4.98042e-02  1.6490e-02
       -1.60000  4.36342e-02  1.3672e-02
       -1.55000  4.30678e-02  1.7860e-02
       -1.50000  4.70417e-02  2.0036e-02
       -1.45000  6.11344e-02  1.5443e-02
       -1.40000  5.30793e-02  1.3896e-02
       -1.35000  4.03335e-02  2.1996e-02
       -1.30000  5.49809e-02  2.0858e-02
       -1.25000  6.67215e-02  1.9355e-02
       -1.20000  6.08562e-02  2.4233e-02
       -1.15000  6.37870e-02  1.4574e-02
       -1.10000  6.04904e-02  2.6639e-02
       -1.05000  2.91584e-02  2.6495e-02
       -1.00000  4.56649e-02  1.6793e-02
       -0.95000  6.56489e-02  1.7669e-02
       -0.90000  8.48356e-02  2.2797e-02
       -0.85000  8.23996e-02  2.1551e-02
       -0.80000  7.04907e-02  2.3293e-02
       -0.75000  7.73153e-02  2.2739e-02
       -0.70000  1.20539e-01  2.1730e-02
       -0.65000  1.69633e-01  2.7147e-02
       -0.60000  1.50206e-01  3.2636e-02
       -0.55000  2.99598e-01  4.1283e-02
       -0.50000  6.18123e-01  5.2154e-02
       -0.45000  1.16319e+00  8.1739e-02
       -0.40000  2.05372e+00  1.0534e-01
       -0.35000  3.23012e+00  1.4396e-01
       -0.30000  4.79582e+00  2.0445e-01
       -0.25000  7.23216e+00  2.4037e-01
       -0.20000  9.45811e+00  2.5661e-01
       -0.15000  1.15770e+01  2.6528e-01
       -0.10000  1.32624e+01  2.9554e-01
       -0.05000  1.42225e+01  3.4885e-01
        0.00000  1.54536e+01  3.7233e-01
        0.05000  1.45348e+01  3.4038e-01
        0.10000  1.35917e+01  2.9927e-01
        0.15000  1.19402e+01  2.8577e-01
        0.20000  9.84444e+00  2.9717e-01
        0.25000  7.27427e+00  2.5276e-01
        0.30000  4.79014e+00  1.8783e-01
        0.35000  3.29658e+00  1.5137e-01
        0.40000  1.95908e+00  1.2947e-01
        0.45000  1.00690e+00  1.0240e-01
        0.50000  6.25478e-01  6.7486e-02
        0.55000  3.83263e-01  6.2774e-02
        0.60000  3.14768e-01  5.4955e-02
        0.65000  2.15225e-01  5.2703e-02
        0.70000  1.79345e-01  4.1576e-02
        0.75000  1.75969e-01  4.4095e-02
        0.80000  1.72312e-01  5.1821e-02
        0.85000  1.45561e-01  4.7072e-02
        0.90000  1.50141e-01  3.5673e-02
        0.95000  1.21750e-01  3.8984e-02
        1.00000  1.48058e-01  3.6270e-02
        1.05000  8.61755e-02  4.0710e-02
        1.10000  7.20278e-02  4.0955e-02
        1.15000  7.44185e-02  3.3725e-02
        1.20000  1.14246e-01  3.8437e-02
        1.25000  1.04636e-01  3.4414e-02
        1.30000  8.53142e-02  3.5138e-02
        1.35000  6.13594e-02  3.0714e-02
        1.40000  5.73502e-02  3.0187e-02
        1.45000  6.50236e-02  4.1236e-02
        1.50000  6.71231e-02  3.5540e-02
        1.55000  7.07783e-02  2.7291e-02
        1.60000  7.88354e-02  3.3301e-02
        1.65000  6.56252e-02  3.2317e-02
        1.70000  7.03638e-02  3.0929e-02
        1.75000  6.50670e-02  2.8924e-02
        1.80000  5.20549e-02  2.7401e-02
        1.85000  4.70830e-02  3.0422e-02
        1.90000  4.73682e-02  3.0119e-02
        1.95000  3.64364e-02  2.4775e-02
        2.00000  5.32701e-02  2.6512e-02
        2.05000  3.18458e-02  2.6456e-02
        2.10000  1.89107e-03  2.5469e-02
        2.15000  5.12974e-02  2.4434e-02
        2.20000  4.70177e-02  3.1724e-02
        2.25000  5.49624e-02  2.6879e-02
        2.30000  3.99883e-02  2.4671e-02
        2.35000  3.68547e-02  2.8234e-02
        2.40000  2.77359e-02  2.3583e-02
        2.45000  4.18485e-02  2.1222e-02
        2.50000  2.59174e-02  1.9864e-02
        2.55000  5.81926e-03  3.0984e-02
        2.60000  3.00762e-02  2.5298e-02
        2.65000  4.44877e-02  2.4173e-02
        2.70000  2.02857e-02  2.3228e-02
        2.75000  4.63359e-02  1.6948e-02
        2.80000  4.41037e-02  2.2960e-02
        2.85000  3.63238e-02  1.7193e-02
        2.90000  2.65316e-02  1.8420e-02
        2.95000  4.16758e-02  2.2551e-02
        3.00000  3.21050e-02  2.3789e-02
        3.05000  5.68721e-02  2.0022e-02
        3.10000  1.68858e-02  1.4739e-02
        3.15000  2.49495e-02  1.4929e-02
        3.20000  2.86487e-02  2.4068e-02
        3.25000  3.47690e-02  2.1496e-02
        3.30000  3.38179e-02  1.8445e-02
        3.35000  1.44825e-02  2.1215e-02
        3.40000  4.91841e-02  1.0822e-02
        3.45000  4.83079e-03  2.5395e-02
        3.50000  1.58134e-02  2.2000e-02
        3.55000  4.30911e-02  2.6925e-02
        3.60000  1.44359e-02  1.4206e-02
        3.65000  4.55236e-02  2.5286e-02
        3.70000  3.38771e-02  2.1078e-02
        3.75000  4.34141e-02  1.7669e-02
        3.80000  4.26352e-02  2.3699e-02
        3.85000  2.26629e-02  1.5630e-02
        3.90000  3.42277e-02  2.6475e-02
        3.95000  2.36634e-02  1.8835e-02
        4.00000  3.69490e-02  1.7284e-02
        4.05000  1.48333e-02  1.7415e-02
        4.10000  2.20648e-02  2.1762e-02
        4.15000  4.10290e-02  1.2694e-02
        4.20000  1.21170e-02  1.6124e-02
        4.25000  3.43048e-02  1.9698e-02
        4.30000  1.84122e-02  1.6021e-02
        4.35000  2.26066e-02  1.9214e-02
        4.40000  1.86661e-02  1.2174e-02
        4.45000  6.60572e-03  1.5055e-02
        4.50000  5.68887e-03  1.4898e-02
        4.55000  1.57946e-02  1.8719e-02
        4.60000  5.18451e-03  1.8394e-02
        4.65000  1.22313e-02  1.4632e-02
        4.70000  3.05579e-02  2.0659e-02
        4.75000  3.14667e-02  1.9919e-02
        4.80000  2.23796e-02  1.8631e-02
  209    1    2    0    0    0    0  206
20In,450K,2.5A (53634)
 5.0000  13.088  2.5133  449.986   1.0 0
                  0.0000  4.0000  0.0000
       -5.45000  1.92535e-02  1.3593e-02
       -5.40000  2.80125e-02  8.4149e-03
       -5.35000  2.64510e-02  1.0105e-02
       -5.30000  2.29131e-02  1.5042e-02
       -5.25000  1.65168e-02  1.3259e-02
       -5.20000  2.08154e-02  9.3650e-03
       -5.15000  2.64833e-02  9.4485e-03
       -5.10000  3.26303e-02  1.4805e-02
       -5.05000  3.66488e-02  1.0889e-02
       -5.00000  2.73819e-02  1.1200e-02
       -4.95000  2.49995e-02  1.1309e-02
       -4.90000  2.89973e-02  1.1728e-02
       -4.85000  3.13547e-02  2.0637e-02
       -4.80000  3.38660e-02  1.2868e-02
       -4.75000  2.94970e-02  1.1351e-02
       -4.70000  1.96965e-02  1.0584e-02
       -4.65000  2.57966e-02  1.1291e-02
       -4.60000  3.71028e-02  9.1619e-03
       -4.55000  3.49526e-02  8.8869e-03
       -4.50000  2.67188e-02  1.1640e-02
       -4.45000  2.11997e-02  1.5800e-02
       -4.40000  2.35784e-02  1.4581e-02
       -4.35000  2.42348e-02  1.1083e-02
       -4.30000  1.80193e-02  1.2056e-02
       -4.25000  1.87766e-03  1.8392e-02
       -4.20000  2.06162e-02  2.0624e-02
       -4.15000  3.06430e-02  9.3871e-03
       -4.10000  2.36853e-02  8.0936e-03
       -4.05000  1.87756e-02  9.7755e-03
       -4.00000  2.78859e-02  1.6002e-02
       -3.95000  2.81742e-02  1.7781e-02
       -3.90000  2.56438e-02  1.1202e-02
       -3.85000  3.37019e-02  8.7329e-03
       -3.80000  3.26358e-02  9.2481e-03
       -3.75000  2.15493e-02  1.3210e-02
       -3.70000  2.69879e-02  2.1189e-02
       -3.65000  1.39589e-02  1.4785e-02
       -3.60000  2.64522e-02  1.8193e-02
       -3.55000  1.96021e-02  1.1855e-02
       -3.50000  1.35283e-02  7.2395e-03
       -3.45000  2.01169e-02  6.9422e-03
       -3.40000  2.88375e-02  1.7474e-02
       -3.35000  1.93663e-02  1.8062e-02
       -3.30000  2.04115e-02  1.0431e-02
       -3.25000  2.69046e-02  1.4511e-02
       -3.20000  2.71424e-02  1.2279e-02
       -3.15000  2.84495e-02  1.4092e-02
       -3.10000  3.09769e-02  1.9815e-02
       -3.05000  2.97873e-02  1.5893e-02
       -3.00000  3.56241e-02  1.4433e-02
       -2.95000  1.39183e-02  1.8503e-02
       -2.90000  3.36999e-02  1.2221e-02
       -2.85000  2.66433e-02  1.5215e-02
       -2.80000  3.59422e-02  1.5011e-02
       -2.75000  3.76011e-02  1.5058e-02
       -2.70000  3.75221e-02  1.4172e-02
       -2.65000  3.91249e-02  1.2349e-02
       -2.60000  3.47040e-02  1.2492e-02
       -2.55000  3.31839e-02  1.1295e-02
       -2.50000  3.66618e-02  1.8096e-02
       -2.45000  4.07004e-02  1.7246e-02
       -2.40000  4.20129e-02  2.5104e-02
       -2.35000  4.91728e-02  1.9196e-02
       -2.30000  3.99684e-02  1.1964e-02
       -2.25000  3.82075e-02  1.8055e-02
       -2.20000  2.69921e-02  1.4684e-02
       -2.15000  4.01303e-02  1.9485e-02
       -2.10000  4.92114e-02  1.5129e-02
       -2.05000  5.18983e-02  2.0203e-02
       -2.00000  5.42737e-02  2.0825e-02
       -1.95000  5.19218e-02  1.4368e-02
       -1.90000  4.93295e-02  1.4084e-02
       -1.85000  5.22994e-02  1.6333e-02
       -1.80000  5.13355e-02  1.4098e-02
       -1.75000  5.32800e-02  1.3562e-02
       -1.70000  4.79980e-02  1.1403e-02
       -1.65000  4.76886e-02  1.5908e-02
       -1.60000  4.83833e-02  1.6074e-02
       -1.55000  4.64744e-02  1.9101e-02
       -1.50000  4.67383e-02  1.4606e-02
       -1.45000  5.62686e-02  1.4670e-02
       -1.40000  4.34650e-02  1.0963e-02
       -1.35000  5.20104e-02  2.2895e-02
       -1.30000  6.51125e-02  2.7285e-02
       -1.25000  4.20962e-02  2.3924e-02
       -1.20000  7.73741e-02  1.4391e-02
       -1.15000  7.18010e-02  3.1208e-02
       -1.10000  7.16369e-02  3.1049e-02
       -1.05000  1.08927e-01  2.6921e-02
       -1.00000  9.58429e-02  2.4836e-02
       -0.95000  1.01314e-01  1.8406e-02
       -0.90000  1.26545e-01  2.2911e-02
       -0.85000  1.31146e-01  2.2124e-02
       -0.80000  1.19300e-01  1.9011e-02
       -0.75000  1.34684e-01  2.1453e-02
       -0.70000  1.68240e-01  2.5707e-02
       -0.65000  2.09490e-01  3.4047e-02
       -0.60000  2.51091e-01  3.7333e-02
       -0.55000  3.88547e-01  4.9799e-02
       -0.50000  6.95763e-01  5.3036e-02
       -0.45000  1.15142e+00  7.2581e-02
       -0.40000  1.92632e+00  9.5971e-02
       -0.35000  3.03874e+00  1.4305e-01
       -0.30000  4.55518e+00  1.9357e-01
       -0.25000  6.74256e+00  2.3568e-01
       -0.20000  8.85114e+00  2.4662e-01
       -0.15000  1.09351e+01  2.5616e-01
       -0.10000  1.24984e+01  2.7816e-01
       -0.05000  1.38923e+01  3.2077e-01
        0.00000  1.39717e+01  3.3792e-01
        0.05000  1.39634e+01  3.2124e-01
        0.10000  1.29824e+01  2.7944e-01
        0.15000  1.13939e+01  2.6754e-01
        0.20000  9.24864e+00  2.7365e-01
        0.25000  6.57959e+00  2.4370e-01
        0.30000  4.75917e+00  1.8073e-01
        0.35000  3.26677e+00  1.4795e-01
        0.40000  2.00528e+00  1.2940e-01
        0.45000  1.03469e+00  1.0501e-01
        0.50000  6.89673e-01  6.7476e-02
        0.55000  4.35700e-01  6.1191e-02
        0.60000  3.31734e-01  5.4530e-02
        0.65000  2.83439e-01  4.5356e-02
        0.70000  2.26050e-01  4.7838e-02
        0.75000  1.99618e-01  4.8280e-02
        0.80000  1.70936e-01  5.1713e-02
        0.85000  1.41511e-01  4.3548e-02
        0.90000  1.44823e-01  5.0183e-02
        0.95000  1.11903e-01  4.4874e-02
        1.00000  1.19649e-01  4.4208e-02
        1.05000  1.16846e-01  3.1540e-02
        1.10000  1.14345e-01  3.9174e-02
        1.15000  1.23979e-01  3.7524e-02
        1.20000  7.35497e-02  3.0199e-02
        1.25000  9.46065e-02  2.6431e-02
        1.30000  9.50274e-02  3.7214e-02
        1.35000  9.55946e-02  3.0765e-02
        1.40000  7.43626e-02  3.0705e-02
        1.45000  9.23295e-02  2.5512e-02
        1.50000  1.09778e-01  3.7544e-02
        1.55000  8.49647e-02  3.4217e-02
        1.60000  1.12332e-01  3.5569e-02
        1.65000  5.38654e-02  2.8657e-02
        1.70000  4.19993e-02  2.6821e-02
        1.75000  5.85865e-02  2.3109e-02
        1.80000  4.79369e-02  2.9598e-02
        1.85000  7.21959e-02  3.3870e-02
        1.90000  7.47380e-02  3.0663e-02
        1.95000  4.91051e-02  2.5523e-02
        2.00000  3.85442e-02  2.1786e-02
        2.05000  4.97950e-02  3.3712e-02
        2.10000  6.39160e-02  2.7450e-02
        2.15000  4.04519e-02  1.8599e-02
        2.20000  5.21595e-02  3.1929e-02
        2.25000  4.77974e-02  3.2694e-02
        2.30000  2.82108e-02  1.8183e-02
        2.35000  3.04755e-02  3.0163e-02
        2.40000  2.73837e-02  3.0526e-02
        2.45000  5.39754e-02  2.1096e-02
        2.50000  5.50883e-02  1.5936e-02
        2.55000  4.22754e-02  2.6972e-02
        2.60000  6.04839e-02  2.4033e-02
        2.65000  5.07596e-02  3.1491e-02
        2.70000  3.86272e-02  2.1956e-02
        2.75000  3.76456e-02  1.5401e-02
        2.80000  2.95387e-02  2.1169e-02
        2.85000  3.22622e-02  1.9945e-02
        2.90000  4.49007e-02  1.2104e-02
        2.95000  3.66371e-02  1.1664e-02
        3.00000  3.48070e-02  2.3902e-02
        3.05000  2.88153e-02  2.5531e-02
        3.10000  1.88178e-02  2.4411e-02
        3.15000  2.93401e-02  2.1026e-02
        3.20000  4.44419e-02  2.4332e-02
        3.25000  2.64925e-02  2.0433e-02
        3.30000  4.28510e-02  1.5123e-02
        3.35000  3.35533e-02  2.8372e-02
        3.40000  2.87023e-02  2.4993e-02
        3.45000  1.64193e-02  1.8606e-02
        3.50000  2.28331e-02  2.5324e-02
        3.55000  2.68752e-02  1.6993e-02
        3.60000  3.10822e-02  1.1943e-02
        3.65000  2.23983e-02  1.9837e-02
        3.70000  2.99931e-02  1.9600e-02
        3.75000  5.20215e-02  2.0935e-02
        3.80000  2.24583e-02  2.0440e-02
        3.85000  4.55394e-02  8.6885e-03
        3.90000  3.89072e-02  2.0317e-02
        3.95000  1.94814e-02  2.1043e-02
        4.00000  2.05505e-02  3.6307e-02
        4.05000  2.34679e-02  2.4734e-02
        4.10000  1.77598e-02  2.0299e-02
        4.15000  2.09624e-02  1.5179e-02
        4.20000  2.79315e-02  2.0415e-02
        4.25000  4.11752e-02  1.5471e-02
        4.30000  4.42925e-02  1.8567e-02
        4.35000  1.37296e-02  2.3951e-02
        4.40000  2.13634e-02  1.8527e-02
        4.45000  4.12118e-02  1.3210e-02
        4.50000  2.27286e-02  1.2016e-02
        4.55000  2.81371e-02  2.7494e-02
        4.60000  1.27436e-02  1.3830e-02
        4.65000  1.58571e-02  1.8634e-02
        4.70000  2.78179e-02  2.2527e-02
        4.75000  3.75347e-02  2.2351e-02
        4.80000  1.92297e-02  3.4700e-02
  209    1    2    0    0    0    0  206
20In,450K,2.5A (53634)
 6.0000  13.088  2.5133  449.986   1.0 0
                  0.0000  4.0000  0.0000
       -5.45000  1.42765e-02  7.9324e-03
       -5.40000  2.64686e-02  1.0769e-02
       -5.35000  2.92198e-02  8.1797e-03
       -5.30000  3.01006e-02  9.8253e-03
       -5.25000  2.92824e-02  1.1474e-02
       -5.20000  2.42661e-02  8.3632e-03
       -5.15000  1.95386e-02  8.0212e-03
       -5.10000  1.48233e-02  1.2562e-02
       -5.05000  1.55711e-02  1.2707e-02
       -5.00000  2.09359e-02  8.9832e-03
       -4.95000  2.13757e-02  9.9982e-03
       -4.90000  1.75221e-02  1.8378e-02
       -4.85000  1.00484e-02  1.0950e-02
       -4.80000  2.31304e-02  7.7843e-03
       -4.75000  2.74127e-02  7.7577e-03
       -4.70000  2.34951e-02  1.1087e-02
       -4.65000  3.37172e-02  1.6563e-02
       -4.60000  2.41294e-02  1.1830e-02
       -4.55000  2.81389e-02  1.0168e-02
       -4.50000  3.50735e-02  1.0493e-02
       -4.45000  1.98304e-02  1.2179e-02
       -4.40000  2.23901e-02  1.2278e-02
       -4.35000  3.16354e-02  1.0029e-02
       -4.30000  3.62712e-02  1.0384e-02
       -4.25000  3.16475e-02  1.1326e-02
       -4.20000  2.34077e-02  1.3909e-02
       -4.15000  2.12402e-02  1.1881e-02
       -4.10000  2.55232e-02  1.0735e-02
       -4.05000  2.95188e-02  1.1692e-02
       -4.00000  2.53234e-02  1.0981e-02
       -3.95000  1.49908e-02  8.4871e-03
       -3.90000  2.60522e-02  8.6365e-03
       -3.85000  4.14673e-02  7.9225e-03
       -3.80000  4.07646e-02  8.8763e-03
       -3.75000  2.49211e-02  1.2881e-02
       -3.70000  2.67733e-02  1.4469e-02
       -3.65000  2.25764e-02  9.8925e-03
       -3.60000  3.43880e-02  1.2469e-02
       -3.55000  2.89526e-02  1.0806e-02
       -3.50000  2.01601e-02  1.0057e-02
       -3.45000  1.90791e-02  1.0516e-02
       -3.40000  2.60091e-02  2.0988e-02
       -3.35000  4.18852e-02  1.5789e-02
       -3.30000  2.50705e-02  1.6881e-02
       -3.25000  2.24131e-02  9.4831e-03
       -3.20000  2.92990e-02  8.6834e-03
       -3.15000  3.15048e-02  9.9872e-03
       -3.10000  3.23513e-02  1.1710e-02
       -3.05000  4.00277e-02  1.8290e-02
       -3.00000  2.74560e-02  1.4770e-02
       -2.95000  3.61984e-02  1.2650e-02
       -2.90000  2.55549e-02  1.1343e-02
       -2.85000  3.36135e-02  1.3466e-02
       -2.80000  3.52115e-02  1.3301e-02
       -2.75000  2.75387e-02  1.3133e-02
       -2.70000  2.32341e-02  1.2276e-02
       -2.65000  3.25549e-02  1.0522e-02
       -2.60000  4.44289e-02  1.4394e-02
       -2.55000  3.71761e-02  9.3761e-03
       -2.50000  5.93995e-02  2.0012e-02
       -2.45000  3.81348e-02  1.8430e-02
       -2.40000  3.88627e-02  1.9454e-02
       -2.35000  4.71609e-02  1.4973e-02
       -2.30000  3.87253e-02  1.4947e-02
       -2.25000  4.88530e-02  1.5868e-02
       -2.20000  4.25151e-02  1.7594e-02
       -2.15000  4.76881e-02  2.2860e-02
       -2.10000  4.13261e-02  1.8567e-02
       -2.05000  4.33866e-02  1.6044e-02
       -2.00000  3.91842e-02  2.0073e-02
       -1.95000  4.00517e-02  1.8643e-02
       -1.90000  4.07136e-02  1.5000e-02
       -1.85000  4.07937e-02  1.5882e-02
       -1.80000  5.41944e-02  1.5439e-02
       -1.75000  4.83752e-02  1.5337e-02
       -1.70000  4.71144e-02  1.4834e-02
       -1.65000  7.26497e-02  1.5675e-02
       -1.60000  7.10444e-02  1.5821e-02
       -1.55000  5.98226e-02  1.9827e-02
       -1.50000  5.42228e-02  1.6577e-02
       -1.45000  6.48012e-02  1.3721e-02
       -1.40000  7.40522e-02  1.3818e-02
       -1.35000  7.07682e-02  1.4741e-02
       -1.30000  6.35679e-02  2.3292e-02
       -1.25000  6.24790e-02  1.7971e-02
       -1.20000  7.57724e-02  2.3633e-02
       -1.15000  7.88440e-02  2.8342e-02
       -1.10000  7.90412e-02  2.6514e-02
       -1.05000  1.10455e-01  3.1568e-02
       -1.00000  1.05203e-01  2.6451e-02
       -0.95000  7.59093e-02  2.4924e-02
       -0.90000  1.11526e-01  2.2843e-02
       -0.85000  1.28492e-01  2.0294e-02
       -0.80000  1.35033e-01  2.1485e-02
       -0.75000  1.47608e-01  2.7948e-02
       -0.70000  1.62216e-01  3.0810e-02
       -0.65000  2.27288e-01  3.4181e-02
       -0.60000  2.71266e-01  3.9866e-02
       -0.55000  3.73219e-01  5.3613e-02
       -0.50000  6.34818e-01  5.4426e-02
       -0.45000  1.11436e+00  8.0796e-02
       -0.40000  1.95826e+00  1.0668e-01
       -0.35000  3.15486e+00  1.4373e-01
       -0.30000  4.57142e+00  1.8898e-01
       -0.25000  6.63462e+00  2.3893e-01
       -0.20000  8.96388e+00  2.4921e-01
       -0.15000  1.07476e+01  2.5238e-01
       -0.10000  1.25544e+01  2.8291e-01
       -0.05000  1.37744e+01  3.3787e-01
        0.00000  1.41826e+01  3.5220e-01
        0.05000  1.38252e+01  3.2366e-01
        0.10000  1.28420e+01  2.8213e-01
        0.15000  1.09835e+01  2.6097e-01
        0.20000  8.94238e+00  2.6048e-01
        0.25000  6.54289e+00  2.3231e-01
        0.30000  4.85898e+00  1.7317e-01
        0.35000  3.16774e+00  1.3671e-01
        0.40000  1.89472e+00  1.1318e-01
        0.45000  1.06595e+00  9.6670e-02
        0.50000  6.51534e-01  7.3261e-02
        0.55000  4.77736e-01  5.6908e-02
        0.60000  3.76042e-01  6.1823e-02
        0.65000  2.95353e-01  4.7590e-02
        0.70000  2.46485e-01  4.9765e-02
        0.75000  2.17976e-01  5.2184e-02
        0.80000  1.98333e-01  4.4514e-02
        0.85000  1.51893e-01  4.3258e-02
        0.90000  1.54868e-01  4.6385e-02
        0.95000  1.43545e-01  3.6539e-02
        1.00000  1.41133e-01  3.7383e-02
        1.05000  1.31940e-01  3.7628e-02
        1.10000  1.26559e-01  3.6307e-02
        1.15000  1.37483e-01  4.0655e-02
        1.20000  1.13371e-01  3.6058e-02
        1.25000  9.61517e-02  2.6900e-02
        1.30000  9.67872e-02  3.9180e-02
        1.35000  9.61824e-02  3.9289e-02
        1.40000  7.62717e-02  3.2129e-02
        1.45000  9.88013e-02  2.3258e-02
        1.50000  7.25356e-02  2.8897e-02
        1.55000  8.10042e-02  2.8039e-02
        1.60000  8.25169e-02  2.8253e-02
        1.65000  9.08927e-02  3.0591e-02
        1.70000  7.77004e-02  2.9820e-02
        1.75000  4.71552e-02  2.7012e-02
        1.80000  5.00951e-02  3.1193e-02
        1.85000  5.97720e-02  2.6334e-02
        1.90000  6.30939e-02  2.2248e-02
        1.95000  4.98183e-02  2.7508e-02
        2.00000  5.13867e-02  3.5840e-02
        2.05000  5.60539e-02  3.1430e-02
        2.10000  4.19282e-02  2.8874e-02
        2.15000  6.60245e-02  3.0523e-02
        2.20000  1.79583e-02  2.4764e-02
        2.25000  8.32937e-02  2.8674e-02
        2.30000  4.18366e-02  1.6640e-02
        2.35000  7.31267e-02  2.1955e-02
        2.40000  4.73781e-02  2.2047e-02
        2.45000  2.65892e-02  1.8571e-02
        2.50000  4.88756e-02  2.1620e-02
        2.55000  3.69423e-02  3.1594e-02
        2.60000  3.11322e-02  2.1323e-02
        2.65000  2.99222e-02  2.2730e-02
        2.70000  4.19989e-02  1.8005e-02
        2.75000  5.51282e-02  2.1241e-02
        2.80000  4.34261e-02  1.4373e-02
        2.85000  4.32801e-02  2.6532e-02
        2.90000  5.15199e-02  2.5247e-02
        2.95000  4.93535e-02  2.3103e-02
        3.00000  3.46791e-02  1.9307e-02
        3.05000  2.76786e-02  2.4194e-02
        3.10000  3.39659e-02  2.7269e-02
        3.15000  2.14581e-02  1.9393e-02
        3.20000  4.74041e-02  2.0462e-02
        3.25000  5.22481e-02  2.1991e-02
        3.30000  4.01997e-02  2.2809e-02
        3.35000  2.96044e-02  2.5307e-02
        3.40000  2.36984e-02  2.5504e-02
        3.45000  2.98170e-02  2.7278e-02
        3.50000  2.47196e-02  2.2365e-02
        3.55000  3.35571e-02  2.2916e-02
        3.60000  3.31003e-02  1.7317e-02
        3.65000  1.74987e-02  1.9439e-02
        3.70000  3.28937e-02  1.4927e-02
        3.75000  4.76287e-02  1.5583e-02
        3.80000  2.65612e-02  2.4358e-02
        3.85000  2.43508e-02  2.1036e-02
        3.90000  4.19459e-02  1.3310e-02
        3.95000  3.89917e-02  1.9247e-02
        4.00000  3.18670e-02  1.6151e-02
        4.05000  2.31474e-02  2.4084e-02
        4.10000  2.59258e-02  2.8132e-02
        4.15000  2.64142e-02  2.3506e-02
        4.20000  3.69647e-02  1.3408e-02
        4.25000  3.59494e-02  1.6026e-02
        4.30000  4.10505e-02  2.1421e-02
        4.35000  4.03181e-02  1.5787e-02
        4.40000  2.68428e-02  2.4980e-02
        4.45000  3.00327e-02  2.5851e-02
        4.50000  1.88844e-02  1.1335e-02
        4.55000  4.27324e-02  2.3087e-02
        4.60000  3.38176e-02  2.2887e-02
        4.65000  4.38763e-02  1.9378e-02
        4.70000  2.28584e-02  1.2483e-02
        4.75000  9.26389e-03  2.3156e-02
        4.80000  2.71413e-02  1.7334e-02
  209    1    2    0    0    0    0  206
20In,450K,2.5A (53634)
 7.0000  13.088  2.5133  449.986   1.0 0
                  0.0000  4.0000  0.0000
       -5.45000  3.91241e-02  1.4745e-02
       -5.40000  2.51167e-02  1.4626e-02
       -5.35000  2.74465e-02  1.0675e-02
       -5.30000  3.10344e-02  1.1648e-02
       -5.25000  2.48528e-02  1.3514e-02
       -5.20000  2.50302e-02  1.0423e-02
       -5.15000  2.48207e-02  1.0214e-02
       -5.10000  2.53808e-02  1.5987e-02
       -5.05000  4.20170e-02  1.5033e-02
       -5.00000  2.27609e-02  1.2125e-02
       -4.95000  1.46650e-02  1.2053e-02
       -4.90000  1.77073e-02  1.4591e-02
       -4.85000  3.10729e-02  1.0644e-02
       -4.80000  3.95750e-02  9.6363e-03
       -4.75000  4.37644e-02  9.5697e-03
       -4.70000  4.09977e-02  1.0787e-02
       -4.65000  2.44967e-02  1.0526e-02
       -4.60000  2.69416e-02  1.0792e-02
       -4.55000  2.87953e-02  1.0550e-02
       -4.50000  2.96650e-02  1.3718e-02
       -4.45000  3.23350e-02  1.6471e-02
       -4.40000  3.23252e-02  9.4178e-03
       -4.35000  3.04550e-02  8.1156e-03
       -4.30000  2.97039e-02  9.6780e-03
       -4.25000  3.29579e-02  1.5436e-02
       -4.20000  3.81318e-02  1.4138e-02
       -4.15000  3.53224e-02  1.0801e-02
       -4.10000  3.15881e-02  9.2322e-03
       -4.05000  2.87715e-02  1.0606e-02
       -4.00000  2.58682e-02  1.4689e-02
       -3.95000  2.97267e-02  1.7570e-02
       -3.90000  2.95134e-02  1.1160e-02
       -3.85000  3.53224e-02  7.3618e-03
       -3.80000  4.25492e-02  8.5182e-03
       -3.75000  4.40060e-02  1.5344e-02
       -3.70000  1.68090e-02  1.5657e-02
       -3.65000  3.26178e-02  2.0863e-02
       -3.60000  2.89130e-02  1.1169e-02
       -3.55000  3.24995e-02  9.1936e-03
       -3.50000  4.25885e-02  1.0820e-02
       -3.45000  5.13870e-02  1.4503e-02
       -3.40000  4.54991e-02  1.3042e-02
       -3.35000  3.45343e-02  2.1773e-02
       -3.30000  4.38852e-02  1.7055e-02
       -3.25000  3.54248e-02  1.5798e-02
       -3.20000  3.13952e-02  1.1311e-02
       -3.15000  3.05298e-02  8.9196e-03
       -3.10000  3.55505e-02  1.0462e-02
       -3.05000  5.05027e-02  1.3610e-02
       -3.00000  4.60824e-02  1.8828e-02
       -2.95000  4.41353e-02  7.4323e-03
       -2.90000  4.59005e-02  1.1782e-02
       -2.85000  4.50973e-02  9.4945e-03
       -2.80000  3.58518e-02  1.4761e-02
       -2.75000  3.16228e-02  1.5913e-02
       -2.70000  3.62681e-02  1.5561e-02
       -2.65000  3.86494e-02  1.5017e-02
       -2.60000  4.32518e-02  1.5203e-02
       -2.55000  5.87567e-02  1.1985e-02
       -2.50000  3.92308e-02  1.3993e-02
       -2.45000  3.90263e-02  1.9311e-02
       -2.40000  3.82238e-02  2.9332e-02
       -2.35000  3.49541e-02  1.8131e-02
       -2.30000  5.52062e-02  2.2547e-02
       -2.25000  5.01170e-02  1.8073e-02
       -2.20000  5.09885e-02  1.2075e-02
       -2.15000  5.86606e-02  1.8932e-02
       -2.10000  5.71416e-02  1.8824e-02
       -2.05000  3.72125e-02  1.6780e-02
       -2.00000  4.18723e-02  1.7859e-02
       -1.95000  4.39683e-02  1.3919e-02
       -1.90000  6.26240e-02  1.5819e-02
       -1.85000  6.55648e-02  1.6711e-02
       -1.80000  6.24732e-02  1.7086e-02
       -1.75000  7.37917e-02  1.5101e-02
       -1.70000  7.59661e-02  1.5371e-02
       -1.65000  8.15331e-02  1.2818e-02
       -1.60000  7.98934e-02  1.5126e-02
       -1.55000  7.48430e-02  1.4778e-02
       -1.50000  5.89286e-02  1.3159e-02
       -1.45000  6.94842e-02  1.6899e-02
       -1.40000  8.76726e-02  1.6634e-02
       -1.35000  8.70081e-02  2.1983e-02
       -1.30000  9.03232e-02  2.1223e-02
       -1.25000  1.06914e-01  1.6455e-02
       -1.20000  1.10862e-01  1.9811e-02
       -1.15000  1.28989e-01  2.7152e-02
       -1.10000  9.65261e-02  2.4060e-02
       -1.05000  1.12362e-01  1.8593e-02
       -1.00000  8.49359e-02  2.4487e-02
       -0.95000  1.00960e-01  1.6265e-02
       -0.90000  1.24849e-01  2.2594e-02
       -0.85000  1.48059e-01  2.4876e-02
       -0.80000  1.80667e-01  1.9738e-02
       -0.75000  1.99336e-01  2.4949e-02
       -0.70000  1.64714e-01  2.6373e-02
       -0.65000  2.53954e-01  3.9433e-02
       -0.60000  2.76275e-01  3.6264e-02
       -0.55000  4.17360e-01  3.9171e-02
       -0.50000  6.96026e-01  5.2375e-02
       -0.45000  1.14921e+00  6.9444e-02
       -0.40000  1.97603e+00  9.2272e-02
       -0.35000  3.09970e+00  1.1559e-01
       -0.30000  4.49845e+00  1.6848e-01
       -0.25000  6.44493e+00  1.9360e-01
       -0.20000  8.45523e+00  2.0927e-01
       -0.15000  1.04194e+01  2.2000e-01
       -0.10000  1.19477e+01  2.4449e-01
       -0.05000  1.28547e+01  2.8012e-01
        0.00000  1.36967e+01  3.1505e-01
        0.05000  1.34601e+01  2.8051e-01
        0.10000  1.24547e+01  2.4546e-01
        0.15000  1.10425e+01  2.3488e-01
        0.20000  8.94701e+00  2.3446e-01
        0.25000  6.69281e+00  2.0814e-01
        0.30000  4.88144e+00  1.5098e-01
        0.35000  3.25035e+00  1.2329e-01
        0.40000  1.92772e+00  1.1624e-01
        0.45000  1.12109e+00  8.9948e-02
        0.50000  7.61301e-01  6.3693e-02
        0.55000  5.25707e-01  5.1112e-02
        0.60000  4.17143e-01  3.7775e-02
        0.65000  3.60301e-01  4.2780e-02
        0.70000  2.69126e-01  4.0007e-02
        0.75000  1.99036e-01  3.9051e-02
        0.80000  1.92950e-01  3.1961e-02
        0.85000  2.22808e-01  3.6410e-02
        0.90000  2.46892e-01  3.6098e-02
        0.95000  1.32882e-01  4.0977e-02
        1.00000  1.43320e-01  3.7252e-02
        1.05000  1.59908e-01  3.2561e-02
        1.10000  1.43203e-01  4.0901e-02
        1.15000  1.13105e-01  3.5876e-02
        1.20000  1.09502e-01  3.6184e-02
        1.25000  9.68037e-02  3.3828e-02
        1.30000  9.26038e-02  3.4974e-02
        1.35000  1.16283e-01  3.1854e-02
        1.40000  1.19677e-01  2.9406e-02
        1.45000  9.16817e-02  2.5679e-02
        1.50000  1.10452e-01  3.2361e-02
        1.55000  4.58607e-02  2.8409e-02
        1.60000  5.01846e-02  3.0287e-02
        1.65000  7.87200e-02  2.3411e-02
        1.70000  8.88075e-02  3.0799e-02
        1.75000  5.86126e-02  2.2569e-02
        1.80000  6.51725e-02  2.9165e-02
        1.85000  7.74016e-02  2.5385e-02
        1.90000  6.70275e-02  2.5457e-02
        1.95000  6.45517e-02  2.3959e-02
        2.00000  5.24499e-02  2.8826e-02
        2.05000  5.82668e-02  2.1279e-02
        2.10000  8.72161e-02  2.9591e-02
        2.15000  3.74391e-02  1.8330e-02
        2.20000  5.21303e-02  1.8632e-02
        2.25000  6.72144e-02  2.0567e-02
        2.30000  6.30658e-02  2.8909e-02
        2.35000  7.01314e-02  2.0101e-02
        2.40000  6.14953e-02  2.7132e-02
        2.45000  5.98533e-02  1.9463e-02
        2.50000  5.49431e-02  2.6934e-02
        2.55000  5.05408e-02  2.5562e-02
        2.60000  3.75252e-02  1.8592e-02
        2.65000  6.23895e-02  2.7762e-02
        2.70000  3.84413e-02  2.0538e-02
        2.75000  3.81100e-02  2.7266e-02
        2.80000  4.59350e-02  2.6857e-02
        2.85000  2.69706e-02  1.9734e-02
        2.90000  5.13099e-02  2.4121e-02
        2.95000  3.85458e-02  2.1068e-02
        3.00000  3.10355e-02  2.0651e-02
        3.05000  5.88828e-02  2.3980e-02
        3.10000  4.16844e-02  1.7962e-02
        3.15000  5.59711e-02  1.8004e-02
        3.20000  3.86105e-02  7.9225e-03
        3.25000  3.62923e-02  2.5481e-02
        3.30000  3.12343e-02  2.6024e-02
        3.35000  4.95101e-02  1.5148e-02
        3.40000  2.52264e-02  1.2753e-02
        3.45000  2.84128e-02  1.9376e-02
        3.50000  4.49025e-02  1.7949e-02
        3.55000  6.77448e-02  2.3788e-02
        3.60000  3.87167e-02  2.2707e-02
        3.65000  5.15466e-02  2.7356e-02
        3.70000  5.01600e-02  2.1322e-02
        3.75000  4.08182e-02  1.7053e-02
        3.80000  5.31278e-02  1.2605e-02
        3.85000  5.02408e-02  2.1826e-02
        3.90000 -3.42304e-03  1.8232e-02
        3.95000  2.71395e-02  1.8862e-02
        4.00000  8.85002e-02  1.6691e-02
        4.05000  3.48415e-02  2.2197e-02
        4.10000  7.00231e-02  1.5838e-02
        4.15000  1.87386e-02  1.6245e-02
        4.20000  3.72089e-02  1.9987e-02
        4.25000  4.72775e-02  1.6820e-02
        4.30000  5.37166e-02  1.9968e-02
        4.35000  3.54820e-02  1.5248e-02
        4.40000  7.31849e-02  1.8268e-02
        4.45000  4.10598e-02  1.5773e-02
        4.50000  4.32426e-02  1.9485e-02
        4.55000  1.29516e-02  2.2045e-02
        4.60000  5.89981e-02  2.3672e-02
        4.65000  4.60967e-02  1.5178e-02
        4.70000  2.55726e-02  1.9501e-02
        4.75000  5.36520e-02  1.9700e-02
        4.80000  6.58635e-02  1.7381e-02
  209    1    2    0    0    0    0  206
20In,450K,2.5A (53634)
 8.0000  13.088  2.5133  449.986   1.0 0
                  0.0000  4.0000  0.0000
       -5.45000  3.94307e-02  1.0119e-02
       -5.40000  3.89773e-02  1.6517e-02
       -5.35000  3.82153e-02  1.1242e-02
       -5.30000  3.73414e-02  1.0732e-02
       -5.25000  3.03120e-02  1.0643e-02
       -5.20000  4.24850e-02  1.2144e-02
       -5.15000  4.26955e-02  1.1034e-02
       -5.10000  3.64199e-02  1.2130e-02
       -5.05000  4.16966e-02  1.0787e-02
       -5.00000  3.94203e-02  1.0033e-02
       -4.95000  4.07753e-02  1.0428e-02
       -4.90000  4.34791e-02  1.2756e-02
       -4.85000  3.76764e-02  1.3382e-02
       -4.80000  4.10846e-02  1.1866e-02
       -4.75000  4.27052e-02  1.2075e-02
       -4.70000  4.72509e-02  1.4641e-02
       -4.65000  4.39038e-02  1.6997e-02
       -4.60000  4.04105e-02  1.1973e-02
       -4.55000  3.91370e-02  1.0019e-02
       -4.50000  3.85941e-02  1.0501e-02
       -4.45000  3.68371e-02  1.9070e-02
       -4.40000  5.56315e-02  1.1694e-02
       -4.35000  5.74569e-02  8.8244e-03
       -4.30000  5.40922e-02  8.7732e-03
       -4.25000  4.72545e-02  8.5198e-03
       -4.20000  5.63034e-02  1.8431e-02
       -4.15000  5.40969e-02  5.7166e-03
       -4.10000  3.95024e-02  8.8218e-03
       -4.05000  2.82111e-02  1.1538e-02
       -4.00000  2.66441e-02  3.2499e-03
       -3.95000  4.12405e-02  1.5280e-02
       -3.90000  3.38046e-02  1.4457e-02
       -3.85000  4.19103e-02  8.9590e-03
       -3.80000  4.40555e-02  1.0063e-02
       -3.75000  4.05704e-02  1.8702e-02
       -3.70000  5.63870e-02  1.8006e-02
       -3.65000  4.80752e-02  1.6478e-02
       -3.60000  5.54645e-02  1.3526e-02
       -3.55000  4.57944e-02  1.0313e-02
       -3.50000  4.07452e-02  1.0226e-02
       -3.45000  5.23353e-02  1.1964e-02
       -3.40000  5.69103e-02  1.0504e-02
       -3.35000  4.28263e-02  1.6250e-02
       -3.30000  4.95223e-02  1.0920e-02
       -3.25000  5.30422e-02  1.2806e-02
       -3.20000  4.63510e-02  9.8697e-03
       -3.15000  3.75754e-02  9.0877e-03
       -3.10000  3.43946e-02  1.2029e-02
       -3.05000  4.28480e-02  1.7167e-02
       -3.00000  3.53558e-02  1.8647e-02
       -2.95000  3.24355e-02  1.6994e-02
       -2.90000  3.73531e-02  1.4873e-02
       -2.85000  4.14568e-02  1.2453e-02
       -2.80000  4.06972e-02  1.1581e-02
       -2.75000  3.84902e-02  1.1525e-02
       -2.70000  4.27207e-02  1.4003e-02
       -2.65000  4.94174e-02  1.6734e-02
       -2.60000  5.06190e-02  1.5276e-02
       -2.55000  5.09022e-02  1.7210e-02
       -2.50000  4.83105e-02  1.2310e-02
       -2.45000  5.27483e-02  2.3253e-02
       -2.40000  6.11096e-02  1.9833e-02
       -2.35000  5.61013e-02  1.6528e-02
       -2.30000  5.15442e-02  1.9476e-02
       -2.25000  6.85755e-02  1.7231e-02
       -2.20000  5.09786e-02  1.9340e-02
       -2.15000  4.93490e-02  1.9380e-02
       -2.10000  6.50408e-02  1.2623e-02
       -2.05000  5.47241e-02  1.7039e-02
       -2.00000  6.03725e-02  1.4993e-02
       -1.95000  6.48744e-02  1.4854e-02
       -1.90000  6.37117e-02  1.5944e-02
       -1.85000  6.67282e-02  1.4330e-02
       -1.80000  7.86395e-02  1.6451e-02
       -1.75000  7.98094e-02  1.6175e-02
       -1.70000  6.96217e-02  1.6003e-02
       -1.65000  6.78438e-02  1.8730e-02
       -1.60000  8.83258e-02  1.5899e-02
       -1.55000  9.91785e-02  1.5912e-02
       -1.50000  1.06564e-01  1.3891e-02
       -1.45000  8.38483e-02  1.4642e-02
       -1.40000  8.71544e-02  2.1334e-02
       -1.35000  9.03322e-02  2.1356e-02
       -1.30000  1.03425e-01  2.1582e-02
       -1.25000  1.00743e-01  1.8006e-02
       -1.20000  1.27186e-01  1.7883e-02
       -1.15000  1.30670e-01  2.1637e-02
       -1.10000  1.27898e-01  3.0876e-02
       -1.05000  1.09290e-01  2.1881e-02
       -1.00000  1.35472e-01  1.8208e-02
       -0.95000  1.56956e-01  2.2155e-02
       -0.90000  1.63174e-01  1.9645e-02
       -0.85000  1.65551e-01  2.0296e-02
       -0.80000  1.55752e-01  2.0218e-02
       -0.75000  1.84728e-01  2.0308e-02
       -0.70000  2.37997e-01  2.2961e-02
       -0.65000  2.57449e-01  2.7670e-02
       -0.60000  2.78689e-01  3.4175e-02
       -0.55000  4.33789e-01  4.3243e-02
       -0.50000  7.07312e-01  4.8363e-02
       -0.45000  1.11011e+00  6.0980e-02
       -0.40000  1.71452e+00  7.8545e-02
       -0.35000  2.67148e+00  1.1682e-01
       -0.30000  3.98229e+00  1.5327e-01
       -0.25000  5.64747e+00  1.7420e-01
       -0.20000  7.41147e+00  1.8136e-01
       -0.15000  9.20260e+00  1.9359e-01
       -0.10000  1.07613e+01  2.1246e-01
       -0.05000  1.14910e+01  2.4051e-01
        0.00000  1.20871e+01  2.6688e-01
        0.05000  1.18098e+01  2.5351e-01
        0.10000  1.13053e+01  2.2630e-01
        0.15000  9.77790e+00  2.2193e-01
        0.20000  8.12799e+00  2.2237e-01
        0.25000  5.89704e+00  2.0023e-01
        0.30000  4.43066e+00  1.5158e-01
        0.35000  3.03252e+00  1.1850e-01
        0.40000  1.91470e+00  1.0510e-01
        0.45000  1.09072e+00  8.3836e-02
        0.50000  6.64722e-01  6.4958e-02
        0.55000  4.87370e-01  5.3576e-02
        0.60000  3.98263e-01  5.2878e-02
        0.65000  3.48459e-01  4.4854e-02
        0.70000  3.35410e-01  4.2186e-02
        0.75000  2.51458e-01  4.7715e-02
        0.80000  2.12069e-01  3.8652e-02
        0.85000  1.98314e-01  3.3086e-02
        0.90000  1.83983e-01  4.4226e-02
        0.95000  1.83104e-01  3.8237e-02
        1.00000  1.70785e-01  3.6192e-02
        1.05000  1.55096e-01  4.1890e-02
        1.10000  1.88708e-01  3.7246e-02
        1.15000  1.30418e-01  2.9494e-02
        1.20000  1.32398e-01  3.4459e-02
        1.25000  1.20060e-01  3.9829e-02
        1.30000  1.14678e-01  4.0758e-02
        1.35000  1.38582e-01  3.9635e-02
        1.40000  1.42977e-01  4.1757e-02
        1.45000  1.18923e-01  3.6284e-02
        1.50000  1.10564e-01  3.3591e-02
        1.55000  1.08602e-01  3.6060e-02
        1.60000  9.32850e-02  3.1029e-02
        1.65000  8.18845e-02  3.0791e-02
        1.70000  7.81615e-02  2.4355e-02
        1.75000  9.01694e-02  3.2062e-02
        1.80000  8.10794e-02  2.5877e-02
        1.85000  9.34500e-02  2.0949e-02
        1.90000  8.74601e-02  2.7397e-02
        1.95000  6.97640e-02  2.5210e-02
        2.00000  9.09184e-02  2.3510e-02
        2.05000  9.23851e-02  1.9121e-02
        2.10000  7.86598e-02  2.0912e-02
        2.15000  8.48417e-02  2.4162e-02
        2.20000  7.85829e-02  2.1186e-02
        2.25000  5.68872e-02  1.8113e-02
        2.30000  7.47201e-02  1.9069e-02
        2.35000  6.07249e-02  1.7445e-02
        2.40000  7.04750e-02  1.8377e-02
        2.45000  6.77380e-02  2.0980e-02
        2.50000  5.06866e-02  1.6046e-02
        2.55000  8.70285e-02  2.2118e-02
        2.60000  7.84287e-02  1.3963e-02
        2.65000  8.08034e-02  1.5423e-02
        2.70000  4.42194e-02  2.1713e-02
        2.75000  2.93310e-02  1.6979e-02
        2.80000  4.31514e-02  1.6397e-02
        2.85000  3.69590e-02  1.4522e-02
        2.90000  4.78564e-02  2.3003e-02
        2.95000  4.16754e-02  1.4339e-02
        3.00000  3.20696e-02  1.2767e-02
        3.05000  6.92668e-02  1.2869e-02
        3.10000  4.43031e-02  1.9039e-02
        3.15000  4.74958e-02  1.6682e-02
        3.20000  5.55217e-02  1.0210e-02
        3.25000  4.16290e-02  1.6697e-02
        3.30000  5.87881e-02  1.8279e-02
        3.35000  6.64659e-02  1.8018e-02
        3.40000  7.17109e-02  1.5254e-02
        3.45000  4.31224e-02  2.0419e-02
        3.50000  8.07089e-02  1.9115e-02
        3.55000  6.87310e-02  1.7289e-02
        3.60000  5.50970e-02  1.6544e-02
        3.65000  3.36084e-02  1.4663e-02
        3.70000  3.23182e-02  2.0160e-02
        3.75000  5.27939e-02  1.9294e-02
        3.80000  4.83767e-02  1.3064e-02
        3.85000  4.79148e-02  1.5884e-02
        3.90000  6.53921e-02  1.6539e-02
        3.95000  3.40653e-02  1.6655e-02
        4.00000  5.42178e-02  1.1459e-02
        4.05000  7.47576e-02  1.6386e-02
        4.10000  4.08592e-02  1.7972e-02
        4.15000  4.54111e-02  1.4575e-02
        4.20000  3.16077e-02  1.6559e-02
        4.25000  4.95460e-02  1.9661e-02
        4.30000  3.88482e-02  1.7119e-02
        4.35000  4.11429e-02  1.3680e-02
        4.40000  4.07902e-02  9.7715e-03
        4.45000  5.57680e-02  1.4339e-02
        4.50000  5.51727e-02  4.1916e-03
        4.55000  4.64521e-02  1.9374e-02
        4.60000  6.16701e-02  7.9922e-03
        4.65000  4.41585e-02  1.5790e-02
        4.70000  4.95558e-02  1.6151e-02
        4.75000  3.38745e-02  1.5718e-02
        4.80000  2.65478e-02  1.5448e-02
  209    1    2    0    0    0    0  206
20In,450K,2.5A (53634)
 9.0000  13.088  2.5133  449.986   1.0 0
                  0.0000  4.0000  0.0000
       -5.45000  3.89605e-02  9.6752e-03
       -5.40000  4.77190e-02  1.3290e-02
       -5.35000  4.63319e-02  1.0225e-02
       -5.30000  4.45560e-02  1.1156e-02
       -5.25000  4.39898e-02  1.3586e-02
       -5.20000  4.94842e-02  8.1505e-03
       -5.15000  4.45268e-02  7.1156e-03
       -5.10000  3.50665e-02  1.0050e-02
       -5.05000  4.45242e-02  1.3285e-02
       -5.00000  4.54431e-02  9.6541e-03
       -4.95000  4.53107e-02  9.8159e-03
       -4.90000  4.51500e-02  1.4481e-02
       -4.85000  4.69106e-02  1.5073e-02
       -4.80000  3.44721e-02  1.1082e-02
       -4.75000  3.32578e-02  1.0398e-02
       -4.70000  4.47148e-02  1.1903e-02
       -4.65000  4.12131e-02  1.2843e-02
       -4.60000  3.83603e-02  9.7234e-03
       -4.55000  3.67161e-02  8.8044e-03
       -4.50000  3.88142e-02  9.5319e-03
       -4.45000  5.17438e-02  8.5965e-03
       -4.40000  4.58885e-02  1.2279e-02
       -4.35000  4.61144e-02  9.3024e-03
       -4.30000  4.32734e-02  9.2432e-03
       -4.25000  3.81743e-02  1.3029e-02
       -4.20000  4.28477e-02  1.1915e-02
       -4.15000  4.82931e-02  1.2611e-02
       -4.10000  4.86340e-02  9.0383e-03
       -4.05000  4.38752e-02  8.9836e-03
       -4.00000  3.35931e-02  1.5901e-02
       -3.95000  5.50565e-02  1.4579e-02
       -3.90000  3.73151e-02  1.2056e-02
       -3.85000  4.26486e-02  9.1204e-03
       -3.80000  4.68554e-02  9.1160e-03
       -3.75000  4.85888e-02  1.2601e-02
       -3.70000  5.48303e-02  1.5478e-02
       -3.65000  5.47841e-02  1.1122e-02
       -3.60000  4.76100e-02  1.2573e-02
       -3.55000  5.43424e-02  1.0928e-02
       -3.50000  5.84001e-02  9.9957e-03
       -3.45000  5.26997e-02  9.4650e-03
       -3.40000  4.28026e-02  1.0194e-02
       -3.35000  2.73861e-02  1.8795e-02
       -3.30000  4.31835e-02  1.4039e-02
       -3.25000  5.04192e-02  1.1753e-02
       -3.20000  5.75100e-02  1.1282e-02
       -3.15000  5.27328e-02  1.1701e-02
       -3.10000  3.85668e-02  1.2545e-02
       -3.05000  4.24857e-02  1.1670e-02
       -3.00000  4.78432e-02  1.7547e-02
       -2.95000  5.25341e-02  1.4583e-02
       -2.90000  5.44723e-02  1.1695e-02
       -2.85000  4.74719e-02  1.3274e-02
       -2.80000  4.80368e-02  1.3270e-02
       -2.75000  5.29955e-02  1.3288e-02
       -2.70000  4.46077e-02  1.2596e-02
       -2.65000  3.71421e-02  1.2904e-02
       -2.60000  5.07311e-02  1.4617e-02
       -2.55000  6.56832e-02  1.2952e-02
       -2.50000  7.23150e-02  1.4536e-02
       -2.45000  3.86204e-02  1.7758e-02
       -2.40000  6.02570e-02  2.1312e-02
       -2.35000  4.76773e-02  1.5704e-02
       -2.30000  3.59295e-02  1.4018e-02
       -2.25000  4.12754e-02  1.4152e-02
       -2.20000  6.07053e-02  1.3351e-02
       -2.15000  5.83194e-02  1.1792e-02
       -2.10000  4.92600e-02  1.5484e-02
       -2.05000  5.36363e-02  1.3023e-02
       -2.00000  6.59958e-02  9.3470e-03
       -1.95000  5.89136e-02  1.0573e-02
       -1.90000  5.32884e-02  9.1324e-03
       -1.85000  6.71983e-02  9.7502e-03
       -1.80000  7.63773e-02  1.3907e-02
       -1.75000  7.21800e-02  1.3561e-02
       -1.70000  8.45385e-02  1.2900e-02
       -1.65000  8.90966e-02  1.2574e-02
       -1.60000  9.77530e-02  1.3805e-02
       -1.55000  1.02281e-01  1.5316e-02
       -1.50000  9.55959e-02  1.5637e-02
       -1.45000  9.74995e-02  1.5687e-02
       -1.40000  9.32640e-02  1.1184e-02
       -1.35000  7.69524e-02  1.6627e-02
       -1.30000  8.25358e-02  2.0864e-02
       -1.25000  1.03496e-01  1.9097e-02
       -1.20000  1.15330e-01  2.0450e-02
       -1.15000  1.12248e-01  2.0444e-02
       -1.10000  1.21296e-01  2.1081e-02
       -1.05000  1.40217e-01  2.0290e-02
       -1.00000  1.26770e-01  1.8490e-02
       -0.95000  1.55343e-01  2.6421e-02
       -0.90000  1.48793e-01  2.1874e-02
       -0.85000  1.50960e-01  2.0489e-02
       -0.80000  1.89512e-01  2.1939e-02
       -0.75000  1.92113e-01  2.6470e-02
       -0.70000  1.84624e-01  2.6287e-02
       -0.65000  2.32962e-01  3.2242e-02
       -0.60000  2.86472e-01  3.1720e-02
       -0.55000  4.37165e-01  3.6865e-02
       -0.50000  6.61579e-01  4.6432e-02
       -0.45000  1.01572e+00  5.8788e-02
       -0.40000  1.67962e+00  7.6918e-02
       -0.35000  2.68801e+00  1.0169e-01
       -0.30000  3.89812e+00  1.4588e-01
       -0.25000  5.64951e+00  1.7375e-01
       -0.20000  7.29342e+00  1.8275e-01
       -0.15000  8.81645e+00  1.9365e-01
       -0.10000  1.03286e+01  2.0847e-01
       -0.05000  1.10883e+01  2.4271e-01
        0.00000  1.14539e+01  2.6639e-01
        0.05000  1.14099e+01  2.4773e-01
        0.10000  1.06700e+01  2.1820e-01
        0.15000  9.53368e+00  2.1004e-01
        0.20000  7.99345e+00  2.1967e-01
        0.25000  5.80156e+00  1.8499e-01
        0.30000  4.09811e+00  1.3812e-01
        0.35000  2.79360e+00  1.1495e-01
        0.40000  1.81787e+00  1.0252e-01
        0.45000  1.00284e+00  7.7640e-02
        0.50000  6.74923e-01  5.4162e-02
        0.55000  4.93176e-01  4.9934e-02
        0.60000  3.44897e-01  4.5133e-02
        0.65000  2.86730e-01  4.0772e-02
        0.70000  2.38483e-01  3.7764e-02
        0.75000  2.34634e-01  3.5473e-02
        0.80000  2.14417e-01  3.9031e-02
        0.85000  2.15783e-01  3.0650e-02
        0.90000  2.09621e-01  3.3582e-02
        0.95000  1.92419e-01  3.3774e-02
        1.00000  1.59278e-01  3.0382e-02
        1.05000  1.69377e-01  3.6393e-02
        1.10000  1.19675e-01  2.6927e-02
        1.15000  1.39709e-01  2.7972e-02
        1.20000  1.40550e-01  3.2979e-02
        1.25000  1.31510e-01  2.6675e-02
        1.30000  1.41316e-01  2.5381e-02
        1.35000  1.32942e-01  3.0024e-02
        1.40000  1.01499e-01  2.9306e-02
        1.45000  9.84188e-02  3.1187e-02
        1.50000  1.16373e-01  2.8072e-02
        1.55000  8.41213e-02  2.9741e-02
        1.60000  7.38040e-02  2.6657e-02
        1.65000  7.52864e-02  3.2381e-02
        1.70000  6.92814e-02  2.6208e-02
        1.75000  8.10986e-02  2.5613e-02
        1.80000  9.02636e-02  2.6395e-02
        1.85000  7.93940e-02  2.2269e-02
        1.90000  7.90104e-02  1.8087e-02
        1.95000  8.81203e-02  2.2369e-02
        2.00000  9.46744e-02  2.3080e-02
        2.05000  5.90149e-02  2.4940e-02
        2.10000  6.62322e-02  2.1904e-02
        2.15000  7.31850e-02  1.8423e-02
        2.20000  5.77076e-02  1.5204e-02
        2.25000  7.14143e-02  1.9922e-02
        2.30000  7.32762e-02  1.4308e-02
        2.35000  8.07149e-02  2.0942e-02
        2.40000  7.89373e-02  1.7625e-02
        2.45000  5.85228e-02  2.1940e-02
        2.50000  8.35598e-02  2.0514e-02
        2.55000  5.74892e-02  1.7602e-02
        2.60000  5.31636e-02  1.7912e-02
        2.65000  6.21204e-02  1.5965e-02
        2.70000  7.63778e-02  2.2907e-02
        2.75000  6.00111e-02  1.5179e-02
        2.80000  5.86476e-02  1.5477e-02
        2.85000  5.79344e-02  1.3305e-02
        2.90000  4.10511e-02  1.8653e-02
        2.95000  5.01477e-02  1.1284e-02
        3.00000  5.86409e-02  1.9950e-02
        3.05000  5.11999e-02  1.6891e-02
        3.10000  6.45369e-02  2.1718e-02
        3.15000  7.18296e-02  1.6282e-02
        3.20000  5.20038e-02  1.6551e-02
        3.25000  5.04809e-02  2.0030e-02
        3.30000  4.44598e-02  1.6756e-02
        3.35000  5.87777e-02  1.7759e-02
        3.40000  5.36833e-02  1.5991e-02
        3.45000  6.13450e-02  9.7805e-03
        3.50000  5.88230e-02  2.0407e-02
        3.55000  4.88286e-02  1.5550e-02
        3.60000  3.56274e-02  1.6419e-02
        3.65000  3.21210e-02  1.6750e-02
        3.70000  4.84223e-02  1.5991e-02
        3.75000  4.18443e-02  1.9985e-02
        3.80000  4.51285e-02  1.5008e-02
        3.85000  6.01106e-02  1.1886e-02
        3.90000  5.21397e-02  1.3818e-02
        3.95000  5.25007e-02  1.7863e-02
        4.00000  5.01364e-02  1.3523e-02
        4.05000  3.34801e-02  2.0446e-02
        4.10000  6.04984e-02  1.3836e-02
        4.15000  4.78528e-02  1.3224e-02
        4.20000  5.93449e-02  1.4243e-02
        4.25000  4.59062e-02  1.4292e-02
        4.30000  4.88770e-02  9.6170e-03
        4.35000  5.07916e-02  1.2029e-02
        4.40000  5.60893e-02  1.5981e-02
        4.45000  4.15568e-02  1.4652e-02
        4.50000  4.21204e-02  1.4117e-02
        4.55000  5.15737e-02  1.6899e-02
        4.60000  4.96820e-02  9.7678e-03
        4.65000  3.87561e-02  1.0868e-02
        4.70000  4.98943e-02  1.7088e-02
        4.75000  4.63168e-02  1.6302e-02
        4.80000  6.03173e-02  1.8839e-02
