  209    1    2    0    0    0    0  206
20In,540K,2.5A (53642)
 1.0000  13.088  2.5133  540.094   1.0 0
                  0.0000  4.0000  0.0000
       -5.45000  1.64928e-02  1.6005e-02
       -5.40000  1.59883e-02  1.9068e-02
       -5.35000  1.64853e-03  1.6664e-02
       -5.30000 -1.19265e-02  2.3446e-02
       -5.25000  3.55552e-02  1.6316e-02
       -5.20000  2.16734e-02  1.0019e-02
       -5.15000  2.06942e-02  9.5019e-03
       -5.10000  3.26638e-02  1.3343e-02
       -5.05000  5.93737e-03  6.4013e-03
       -5.00000  1.22310e-03  8.1779e-03
       -4.95000  3.05808e-03  1.0352e-02
       -4.90000  1.23824e-02  1.6677e-02
       -4.85000  1.62591e-02  1.5487e-02
       -4.80000  1.24894e-02  1.1277e-02
       -4.75000  1.17484e-02  1.1077e-02
       -4.70000  8.52100e-03  7.7001e-03
       -4.65000  1.62940e-02  7.5155e-03
       -4.60000  2.56319e-02  9.4971e-03
       -4.55000  2.21503e-02  8.8379e-03
       -4.50000  1.13126e-02  6.4756e-03
       -4.45000  2.92948e-02  1.2006e-02
       -4.40000  9.08963e-03  8.7584e-03
       -4.35000  7.92477e-03  9.2929e-03
       -4.30000  9.49944e-03  1.1772e-02
       -4.25000  4.11304e-03  1.1668e-02
       -4.20000  5.21800e-03  1.0527e-02
       -4.15000  6.60587e-03  9.3054e-03
       -4.10000  9.41721e-03  7.7374e-03
       -4.05000  1.46541e-02  7.7394e-03
       -4.00000  2.12257e-02  1.5501e-02
       -3.95000  2.81083e-02  1.5671e-02
       -3.90000  3.01074e-02  1.4058e-02
       -3.85000  2.69414e-02  1.1023e-02
       -3.80000  1.87022e-02  1.0371e-02
       -3.75000  7.61013e-03  1.5923e-02
       -3.70000  1.08212e-02  1.5613e-02
       -3.65000  9.11309e-03  1.4192e-02
       -3.60000  3.01138e-02  7.9822e-03
       -3.55000  2.51169e-02  8.5427e-03
       -3.50000  7.49898e-03  9.6523e-03
       -3.45000 -2.20298e-04  7.7955e-03
       -3.40000  8.03640e-03  9.0958e-03
       -3.35000  1.67545e-02  2.0412e-02
       -3.30000  2.92496e-02  1.2350e-02
       -3.25000  2.85556e-02  9.9497e-03
       -3.20000  2.46850e-02  1.1015e-02
       -3.15000  2.27567e-02  1.3176e-02
       -3.10000  2.75394e-02  1.3932e-02
       -3.05000  3.71337e-02  1.5850e-02
       -3.00000  2.83299e-02  1.5486e-02
       -2.95000 -7.25988e-03  1.1339e-02
       -2.90000  1.48970e-02  1.0410e-02
       -2.85000  1.07772e-02  1.3618e-02
       -2.80000  1.78147e-02  1.3317e-02
       -2.75000  2.03745e-02  1.3849e-02
       -2.70000  2.16529e-02  1.3933e-02
       -2.65000  3.12769e-02  1.2073e-02
       -2.60000  2.95881e-02  1.5493e-02
       -2.55000 -3.31295e-03  1.7012e-02
       -2.50000  2.41790e-02  1.6744e-02
       -2.45000 -1.79689e-03  1.8135e-02
       -2.40000  1.56461e-02  2.0077e-02
       -2.35000  1.94307e-02  9.5034e-03
       -2.30000  2.63290e-02  1.8183e-02
       -2.25000  3.98434e-02  1.4692e-02
       -2.20000  4.38635e-02  1.4962e-02
       -2.15000  2.35178e-02  1.0918e-02
       -2.10000  2.31612e-02  1.1973e-02
       -2.05000  4.53902e-02  1.5500e-02
       -2.00000  4.24486e-02  1.6130e-02
       -1.95000  2.50228e-02  1.4487e-02
       -1.90000  3.72216e-02  1.6573e-02
       -1.85000  5.05100e-02  1.4864e-02
       -1.80000  3.24513e-02  1.4450e-02
       -1.75000  2.52269e-02  1.3131e-02
       -1.70000  2.31176e-02  1.5447e-02
       -1.65000  2.81715e-02  1.5030e-02
       -1.60000  4.23121e-02  1.6167e-02
       -1.55000  3.72800e-02  1.3983e-02
       -1.50000  2.65000e-02  1.1495e-02
       -1.45000  2.60911e-02  1.1716e-02
       -1.40000  3.60440e-02  2.2059e-02
       -1.35000  4.97694e-02  2.2020e-02
       -1.30000  6.85325e-02  1.6990e-02
       -1.25000  6.79326e-02  1.8531e-02
       -1.20000  3.29961e-02  1.8758e-02
       -1.15000  7.16853e-03  2.4079e-02
       -1.10000  6.78283e-02  1.7969e-02
       -1.05000  4.23120e-02  2.9915e-02
       -1.00000  4.42172e-02  2.5052e-02
       -0.95000  5.02043e-02  2.3757e-02
       -0.90000  8.65646e-02  1.7875e-02
       -0.85000  6.26654e-02  1.8975e-02
       -0.80000  1.03016e-01  2.2678e-02
       -0.75000  8.46077e-02  1.9842e-02
       -0.70000  4.68100e-02  2.5357e-02
       -0.65000  8.92172e-02  2.9992e-02
       -0.60000  1.75287e-01  3.2135e-02
       -0.55000  1.90756e-01  3.9555e-02
       -0.50000  5.19749e-01  5.5645e-02
       -0.45000  1.08702e+00  7.3993e-02
       -0.40000  1.96952e+00  1.0078e-01
       -0.35000  3.13926e+00  1.3820e-01
       -0.30000  4.68633e+00  1.9236e-01
       -0.25000  7.14226e+00  2.2934e-01
       -0.20000  9.74743e+00  2.4684e-01
       -0.15000  1.19284e+01  2.5201e-01
       -0.10000  1.41811e+01  2.6778e-01
       -0.05000  1.53114e+01  3.0978e-01
        0.00000  1.58955e+01  3.4006e-01
        0.05000  1.46418e+01  3.2063e-01
        0.10000  1.39072e+01  2.7502e-01
        0.15000  1.19778e+01  2.5580e-01
        0.20000  9.92621e+00  2.5812e-01
        0.25000  6.87368e+00  2.2510e-01
        0.30000  4.80300e+00  1.7033e-01
        0.35000  3.23551e+00  1.3042e-01
        0.40000  1.90440e+00  1.1185e-01
        0.45000  9.94027e-01  8.7523e-02
        0.50000  5.52266e-01  6.0885e-02
        0.55000  3.25192e-01  5.3897e-02
        0.60000  2.22106e-01  5.5508e-02
        0.65000  2.39245e-01  5.1163e-02
        0.70000  2.26524e-01  4.1021e-02
        0.75000  1.91622e-01  4.0013e-02
        0.80000  1.38876e-01  4.2019e-02
        0.85000  1.15630e-01  3.8761e-02
        0.90000  9.17761e-02  3.4056e-02
        0.95000  1.42190e-01  3.3282e-02
        1.00000  1.48654e-01  3.3653e-02
        1.05000  6.85679e-02  3.6239e-02
        1.10000  7.15016e-02  3.3297e-02
        1.15000  5.24702e-02  3.0304e-02
        1.20000  8.31505e-02  3.3779e-02
        1.25000  7.68054e-02  3.3143e-02
        1.30000  9.32759e-02  3.4358e-02
        1.35000  1.26939e-02  3.5164e-02
        1.40000  4.97340e-02  3.4272e-02
        1.45000  2.61719e-02  2.8615e-02
        1.50000  1.04234e-01  2.8839e-02
        1.55000  1.22094e-02  2.9347e-02
        1.60000  4.52270e-03  3.2183e-02
        1.65000  3.99931e-02  2.7619e-02
        1.70000  6.87085e-02  2.9451e-02
        1.75000  8.08430e-02  3.1830e-02
        1.80000  4.64775e-02  2.7368e-02
        1.85000  8.46886e-02  2.5160e-02
        1.90000  6.81486e-02  2.9892e-02
        1.95000  8.99429e-02  1.9685e-02
        2.00000  4.69998e-02  2.4149e-02
        2.05000  3.91714e-02  2.7891e-02
        2.10000  7.30071e-02  2.0120e-02
        2.15000 -1.21438e-03  2.5097e-02
        2.20000  2.09186e-02  2.8246e-02
        2.25000  4.21863e-02  1.9896e-02
        2.30000  6.01661e-03  1.8336e-02
        2.35000 -1.84989e-03  2.3617e-02
        2.40000  1.34265e-02  1.6590e-02
        2.45000  2.46097e-02  1.8261e-02
        2.50000  2.93968e-02  1.8214e-02
        2.55000  3.40294e-02  1.6871e-02
        2.60000  2.27428e-02  2.0289e-02
        2.65000  9.75558e-03  1.2896e-02
        2.70000  3.72198e-02  2.0137e-02
        2.75000  2.25442e-02  2.2661e-02
        2.80000  5.14322e-02  2.0944e-02
        2.85000  8.10845e-02  2.0760e-02
        2.90000  4.84899e-02  1.3401e-02
        2.95000  3.91759e-02  1.4425e-02
        3.00000  2.36672e-02  1.4380e-02
        3.05000  1.24188e-02  1.6854e-02
        3.10000  2.31021e-02  1.8765e-02
        3.15000 -8.36921e-03  1.4872e-02
        3.20000 -5.21623e-04  1.9569e-02
        3.25000  1.16106e-02  1.9100e-02
        3.30000  2.97855e-02  1.4514e-02
        3.35000  7.73533e-03  1.8257e-02
        3.40000  1.66857e-02  1.5207e-02
        3.45000  3.82559e-03  1.8074e-02
        3.50000  1.74889e-02  2.0660e-02
        3.55000  3.29952e-02  1.3325e-02
        3.60000  3.38216e-02  1.1262e-02
        3.65000  4.30182e-04  1.8574e-02
        3.70000  2.63295e-02  2.0440e-02
        3.75000  3.51172e-02  2.1568e-02
        3.80000  3.45499e-02  1.5494e-02
        3.85000  1.91075e-02  1.4160e-02
        3.90000  1.18325e-02  9.2689e-03
        3.95000  2.56129e-02  1.8252e-02
        4.00000  9.74076e-04  1.5854e-02
        4.05000  2.10018e-02  2.1553e-02
        4.10000 -7.79595e-04  1.9563e-02
        4.15000  2.13792e-02  1.4250e-02
        4.20000  1.57733e-02  1.8098e-02
        4.25000  3.46592e-02  1.4197e-02
        4.30000  1.35268e-02  2.2063e-02
        4.35000  1.58252e-02  2.3992e-02
        4.40000  1.00872e-02  1.5021e-02
        4.45000 -7.12933e-03  1.5573e-02
        4.50000  2.74512e-02  1.2677e-02
        4.55000  2.71285e-02  1.3874e-02
        4.60000  1.96350e-02  1.6912e-02
        4.65000  7.21649e-03  2.7576e-02
        4.70000 -9.53488e-04  2.2272e-02
        4.75000  2.96992e-02  1.8993e-02
        4.80000  3.63340e-02  1.9002e-02
  209    1    2    0    0    0    0  206
20In,540K,2.5A (53642)
 2.0000  13.088  2.5133  540.094   1.0 0
                  0.0000  4.0000  0.0000
       -5.45000  1.86792e-02  7.1294e-03
       -5.40000  9.89119e-03  7.5059e-03
       -5.35000 -2.43333e-03  7.2251e-03
       -5.30000 -1.10508e-02  1.0613e-02
       -5.25000  9.90320e-03  1.1591e-02
       -5.20000  1.79002e-02  7.4270e-03
       -5.15000  2.94745e-02  7.5917e-03
       -5.10000  4.69703e-02  1.2353e-02
       -5.05000  9.22728e-03  8.9700e-03
       -5.00000  3.39237e-03  7.1729e-03
       -4.95000  2.65378e-03  8.4693e-03
       -4.90000  6.75255e-03  1.1836e-02
       -4.85000  1.26428e-02  1.4406e-02
       -4.80000  1.64094e-02  9.5409e-03
       -4.75000  2.10420e-02  9.5127e-03
       -4.70000  2.46284e-02  1.3374e-02
       -4.65000  3.20943e-02  1.7609e-02
       -4.60000  2.40505e-02  1.2991e-02
       -4.55000  1.66075e-02  1.2234e-02
       -4.50000  1.07537e-02  1.4563e-02
       -4.45000  1.64089e-03  1.2435e-02
       -4.40000 -2.38371e-03  1.3791e-02
       -4.35000  7.58692e-03  1.0123e-02
       -4.30000  1.60792e-02  8.8207e-03
       -4.25000  1.10487e-02  1.5738e-02
       -4.20000  2.74367e-02  9.5497e-03
       -4.15000  2.86761e-02  1.1680e-02
       -4.10000  2.37782e-02  1.2543e-02
       -4.05000  1.84179e-02  1.6314e-02
       -4.00000  1.79971e-02  1.2431e-02
       -3.95000  3.44150e-02  1.6107e-02
       -3.90000  1.43277e-02  1.5437e-02
       -3.85000  1.29470e-02  1.3325e-02
       -3.80000  1.30791e-02  1.3066e-02
       -3.75000  4.64767e-03  1.1636e-02
       -3.70000  8.37072e-03  6.6983e-03
       -3.65000  1.88350e-02  1.4151e-02
       -3.60000  1.79109e-02  1.5167e-02
       -3.55000  2.33911e-02  1.6431e-02
       -3.50000  2.43559e-02  1.8395e-02
       -3.45000  1.70515e-02  1.6581e-02
       -3.40000  7.18220e-03  1.0804e-02
       -3.35000  2.24062e-02  1.4792e-02
       -3.30000  2.98231e-02  1.9017e-02
       -3.25000  1.92481e-02  1.3628e-02
       -3.20000  1.02102e-02  1.1819e-02
       -3.15000  1.33714e-02  1.3121e-02
       -3.10000  1.85788e-02  1.6616e-02
       -3.05000  1.00556e-02  1.4871e-02
       -3.00000  3.49076e-02  2.2173e-02
       -2.95000  5.14392e-02  1.6702e-02
       -2.90000  2.46953e-02  1.8814e-02
       -2.85000  5.55617e-03  1.3508e-02
       -2.80000  4.12602e-03  1.1895e-02
       -2.75000  2.19485e-02  1.5600e-02
       -2.70000  4.23624e-02  1.8075e-02
       -2.65000  4.08007e-02  1.5501e-02
       -2.60000  3.04224e-02  1.5642e-02
       -2.55000  2.38836e-02  2.0008e-02
       -2.50000  2.63398e-02  1.8018e-02
       -2.45000  3.97452e-02  1.7289e-02
       -2.40000  3.51209e-02  2.1751e-02
       -2.35000  3.20938e-02  1.8756e-02
       -2.30000  2.93305e-02  1.4908e-02
       -2.25000  2.40577e-02  1.3906e-02
       -2.20000  3.62667e-02  2.2625e-02
       -2.15000  3.40403e-02  2.3032e-02
       -2.10000  1.84005e-02  2.1034e-02
       -2.05000  4.75833e-02  1.6175e-02
       -2.00000  2.87211e-02  1.2759e-02
       -1.95000  1.82521e-02  1.7555e-02
       -1.90000  3.55677e-02  1.8726e-02
       -1.85000  2.99103e-02  2.3397e-02
       -1.80000  2.77326e-02  2.7812e-02
       -1.75000  4.13704e-02  2.8460e-02
       -1.70000  3.66832e-02  2.4311e-02
       -1.65000  3.53269e-02  2.0219e-02
       -1.60000  2.51643e-02  2.1226e-02
       -1.55000  1.59189e-02  1.8591e-02
       -1.50000  5.39849e-02  2.0947e-02
       -1.45000  5.29957e-02  2.9661e-02
       -1.40000  4.02029e-02  2.5396e-02
       -1.35000  5.27689e-02  2.9404e-02
       -1.30000  6.13689e-02  1.8736e-02
       -1.25000  5.18989e-02  3.1713e-02
       -1.20000  2.05814e-02  4.6947e-02
       -1.15000  6.91593e-02  2.3864e-02
       -1.10000  4.97263e-02  4.7203e-02
       -1.05000  5.20217e-02  4.0810e-02
       -1.00000  4.48582e-02  5.6257e-02
       -0.95000  3.61851e-02  4.4276e-02
       -0.90000  9.17242e-02  3.9543e-02
       -0.85000  9.16182e-02  3.4320e-02
       -0.80000  1.04632e-01  3.0401e-02
       -0.75000  8.76208e-02  3.4417e-02
       -0.70000  9.83827e-02  3.6863e-02
       -0.65000  1.38146e-01  5.7336e-02
       -0.60000  1.94542e-01  6.3952e-02
       -0.55000  2.98252e-01  7.8979e-02
       -0.50000  5.17685e-01  8.8771e-02
       -0.45000  1.09792e+00  1.0672e-01
       -0.40000  2.01539e+00  1.5166e-01
       -0.35000  3.37853e+00  2.0048e-01
       -0.30000  5.12863e+00  2.7120e-01
       -0.25000  6.95184e+00  3.2412e-01
       -0.20000  9.44192e+00  3.5410e-01
       -0.15000  1.13652e+01  3.6043e-01
       -0.10000  1.34632e+01  3.8185e-01
       -0.05000  1.47466e+01  4.3457e-01
        0.00000  1.50437e+01  4.7411e-01
        0.05000  1.45273e+01  4.4415e-01
        0.10000  1.37692e+01  3.9074e-01
        0.15000  1.17127e+01  3.5496e-01
        0.20000  9.59879e+00  3.4721e-01
        0.25000  6.75101e+00  3.2604e-01
        0.30000  4.59883e+00  2.4500e-01
        0.35000  2.58345e+00  1.9059e-01
        0.40000  1.88224e+00  1.6271e-01
        0.45000  9.57845e-01  1.4549e-01
        0.50000  5.41511e-01  1.0309e-01
        0.55000  4.17876e-01  9.2717e-02
        0.60000  2.92468e-01  9.6722e-02
        0.65000  2.25030e-01  9.3499e-02
        0.70000  2.31282e-01  7.4526e-02
        0.75000  1.12802e-01  7.7266e-02
        0.80000  2.00614e-01  6.8139e-02
        0.85000  1.85942e-01  6.1330e-02
        0.90000  1.40192e-01  5.5719e-02
        0.95000  9.59867e-02  7.3501e-02
        1.00000  1.22943e-01  4.8524e-02
        1.05000  1.20085e-01  6.9497e-02
        1.10000  7.00159e-02  4.7628e-02
        1.15000  1.09239e-01  5.6791e-02
        1.20000  9.90835e-02  4.1856e-02
        1.25000  9.34937e-02  5.2450e-02
        1.30000  8.29722e-02  6.3996e-02
        1.35000  6.50937e-02  5.2180e-02
        1.40000  8.76419e-02  6.2602e-02
        1.45000  8.89370e-02  5.7612e-02
        1.50000  4.78579e-02  5.1655e-02
        1.55000  9.20282e-02  5.4639e-02
        1.60000  7.10983e-02  4.7315e-02
        1.65000  4.28398e-02  3.1955e-02
        1.70000 -4.25178e-03  4.5657e-02
        1.75000  4.45149e-02  3.8177e-02
        1.80000  5.62322e-02  5.5388e-02
        1.85000  6.38958e-02  6.0420e-02
        1.90000  3.83023e-02  4.4023e-02
        1.95000  5.63827e-02  5.4592e-02
        2.00000  9.71665e-02  4.6684e-02
        2.05000  5.69988e-02  3.1415e-02
        2.10000  7.63585e-02  3.3397e-02
        2.15000  1.40952e-02  4.3628e-02
        2.20000  4.55720e-02  3.3218e-02
        2.25000  8.03033e-02  4.6773e-02
        2.30000  3.45903e-02  4.2467e-02
        2.35000  7.59202e-02  4.2853e-02
        2.40000  5.24830e-02  3.9696e-02
        2.45000  5.29940e-02  3.0821e-02
        2.50000  1.82850e-02  2.7327e-02
        2.55000  2.78714e-02  3.5179e-02
        2.60000  4.32931e-02  1.8213e-02
        2.65000  4.16361e-02  3.7814e-02
        2.70000  3.08105e-02  3.6823e-02
        2.75000  2.41167e-02  2.3843e-02
        2.80000  5.20831e-03  3.7848e-02
        2.85000  4.97919e-02  2.8119e-02
        2.90000  2.40138e-02  2.8782e-02
        2.95000  2.51785e-02  2.9028e-02
        3.00000  4.74456e-02  3.0429e-02
        3.05000  1.83026e-02  2.4596e-02
        3.10000  9.74393e-03  3.7552e-02
        3.15000  1.80531e-02  2.3720e-02
        3.20000  2.42097e-02  3.3560e-02
        3.25000  1.90784e-02  2.7275e-02
        3.30000  2.75425e-03  2.9067e-02
        3.35000  8.08823e-03  3.6058e-02
        3.40000  3.23753e-02  3.6310e-02
        3.45000  1.38943e-02  4.4160e-02
        3.50000 -1.97521e-03  2.0410e-02
        3.55000  1.36329e-02  2.7855e-02
        3.60000  3.40567e-02  2.4850e-02
        3.65000  3.35194e-02  2.3522e-02
        3.70000  2.00951e-02  2.1613e-02
        3.75000  2.99199e-02  2.5494e-02
        3.80000  4.41582e-02  2.6761e-02
        3.85000  3.84659e-02  1.4136e-02
        3.90000  3.02782e-02  2.6200e-02
        3.95000  3.04641e-03  2.0620e-02
        4.00000  2.91875e-02  2.7636e-02
        4.05000  2.43170e-02  2.9378e-02
        4.10000  2.11614e-02  1.9494e-02
        4.15000  3.68899e-02  1.4579e-02
        4.20000 -6.25788e-04  2.2573e-02
        4.25000  2.06832e-02  2.0562e-02
        4.30000  1.54758e-03  1.3503e-02
        4.35000  3.08791e-02  1.2249e-02
        4.40000 -1.00280e-02  1.2168e-02
        4.45000  1.34432e-03  1.9771e-02
        4.50000  2.26901e-02  1.8242e-02
        4.55000  4.18644e-02  1.8185e-02
        4.60000  2.03687e-02  1.5446e-02
        4.65000  1.21338e-02  1.7148e-02
        4.70000 -5.21974e-03  2.6594e-02
        4.75000  6.24242e-03  2.3983e-02
        4.80000  1.10455e-02  1.4891e-02
  209    1    2    0    0    0    0  206
20In,540K,2.5A (53642)
 3.0000  13.088  2.5133  540.094   1.0 0
                  0.0000  4.0000  0.0000
       -5.45000  2.48826e-02  1.6518e-02
       -5.40000  2.11006e-02  1.6626e-02
       -5.35000  1.84096e-02  1.5547e-02
       -5.30000  1.79387e-02  2.3298e-02
       -5.25000  3.49437e-02  1.3439e-02
       -5.20000  1.17554e-02  1.6846e-02
       -5.15000  9.80399e-03  1.7031e-02
       -5.10000  2.83913e-02  1.6877e-02
       -5.05000  1.34448e-02  1.7327e-02
       -5.00000  2.03699e-02  1.4931e-02
       -4.95000  2.51557e-02  1.6993e-02
       -4.90000  2.34731e-02  2.3011e-02
       -4.85000  3.59478e-02  1.7932e-02
       -4.80000  3.46254e-02  1.5514e-02
       -4.75000  2.86089e-02  1.7655e-02
       -4.70000  1.81939e-02  1.9308e-02
       -4.65000  3.60369e-02  2.0129e-02
       -4.60000  3.02367e-02  1.4824e-02
       -4.55000  2.46875e-02  1.5284e-02
       -4.50000  1.76193e-02  2.1863e-02
       -4.45000 -9.78314e-03  3.2012e-02
       -4.40000  3.07088e-02  1.3112e-02
       -4.35000  4.74143e-02  9.3827e-03
       -4.30000  4.35241e-02  1.0796e-02
       -4.25000  2.07868e-02  1.5716e-02
       -4.20000  7.82192e-03  1.7047e-02
       -4.15000  1.91147e-02  9.6734e-03
       -4.10000  2.13475e-02  7.6005e-03
       -4.05000  1.46198e-02  7.8442e-03
       -4.00000  5.14218e-03  1.6377e-02
       -3.95000  1.22240e-02  2.1687e-02
       -3.90000  2.91514e-02  1.3914e-02
       -3.85000  2.46151e-02  1.0606e-02
       -3.80000  1.86073e-02  1.0874e-02
       -3.75000  2.65562e-02  1.6759e-02
       -3.70000  2.98701e-02  1.6570e-02
       -3.65000  4.15620e-02  1.5799e-02
       -3.60000  3.90045e-02  1.3570e-02
       -3.55000  8.70237e-03  1.1827e-02
       -3.50000 -1.19396e-03  1.1426e-02
       -3.45000  3.51725e-02  1.2452e-02
       -3.40000  2.35318e-02  1.4779e-02
       -3.35000  1.69505e-02  1.6367e-02
       -3.30000  1.26125e-02  1.2470e-02
       -3.25000  1.05899e-02  1.2652e-02
       -3.20000  1.59628e-02  1.2576e-02
       -3.15000  1.99861e-02  1.2855e-02
       -3.10000  2.22235e-02  1.2153e-02
       -3.05000  2.59560e-02  1.3685e-02
       -3.00000  1.00003e-02  1.8019e-02
       -2.95000  1.81644e-02  1.0767e-02
       -2.90000  1.47583e-02  1.7748e-02
       -2.85000  1.66150e-02  1.0008e-02
       -2.80000  2.58729e-02  1.2885e-02
       -2.75000  1.94157e-02  1.6640e-02
       -2.70000  1.17610e-02  1.6373e-02
       -2.65000  1.76593e-02  8.0168e-03
       -2.60000  2.25774e-02  1.7409e-02
       -2.55000  3.45626e-02  2.3920e-02
       -2.50000  3.58742e-02  1.5500e-02
       -2.45000  1.17895e-02  1.8157e-02
       -2.40000  3.30590e-02  1.7551e-02
       -2.35000  2.64779e-02  1.4017e-02
       -2.30000  4.30785e-02  1.0318e-02
       -2.25000  1.96581e-02  1.5801e-02
       -2.20000  3.29545e-02  9.8083e-03
       -2.15000  3.66632e-02  1.5147e-02
       -2.10000  3.93485e-02  1.9744e-02
       -2.05000  5.07700e-02  1.8414e-02
       -2.00000  5.90062e-02  1.2289e-02
       -1.95000  5.20326e-02  1.3229e-02
       -1.90000  4.97533e-02  1.6541e-02
       -1.85000  6.10959e-02  1.4321e-02
       -1.80000  8.04524e-02  1.3440e-02
       -1.75000  6.71934e-02  1.4445e-02
       -1.70000  6.11284e-02  1.5629e-02
       -1.65000  4.42045e-02  1.4006e-02
       -1.60000  3.81587e-02  1.9199e-02
       -1.55000  5.68545e-02  2.0997e-02
       -1.50000  4.26061e-02  1.9621e-02
       -1.45000  5.83899e-02  1.9157e-02
       -1.40000  7.16346e-02  1.8636e-02
       -1.35000  4.24829e-02  1.5341e-02
       -1.30000  6.52601e-02  1.6048e-02
       -1.25000  9.47803e-02  2.1045e-02
       -1.20000  6.64127e-02  2.4615e-02
       -1.15000  1.15792e-01  2.1619e-02
       -1.10000  7.21998e-02  2.2848e-02
       -1.05000  4.65555e-02  2.5634e-02
       -1.00000  6.97145e-02  2.6011e-02
       -0.95000  1.01581e-01  2.0636e-02
       -0.90000  1.16356e-01  2.3078e-02
       -0.85000  1.40276e-01  2.3551e-02
       -0.80000  1.39079e-01  2.3552e-02
       -0.75000  1.22488e-01  2.6760e-02
       -0.70000  1.46064e-01  2.0490e-02
       -0.65000  1.37072e-01  3.5495e-02
       -0.60000  1.71923e-01  3.2777e-02
       -0.55000  2.63296e-01  5.1996e-02
       -0.50000  6.02414e-01  5.9177e-02
       -0.45000  1.12408e+00  7.5619e-02
       -0.40000  1.96943e+00  1.0362e-01
       -0.35000  3.09672e+00  1.4704e-01
       -0.30000  4.82398e+00  2.0460e-01
       -0.25000  6.58330e+00  2.5722e-01
       -0.20000  8.93178e+00  2.6048e-01
       -0.15000  1.12442e+01  2.6774e-01
       -0.10000  1.30559e+01  2.9269e-01
       -0.05000  1.44104e+01  3.2597e-01
        0.00000  1.48714e+01  3.6156e-01
        0.05000  1.42995e+01  3.4615e-01
        0.10000  1.35237e+01  2.9915e-01
        0.15000  1.19757e+01  2.7525e-01
        0.20000  9.82331e+00  2.8224e-01
        0.25000  7.04559e+00  2.5051e-01
        0.30000  5.29226e+00  1.9083e-01
        0.35000  3.33379e+00  1.4069e-01
        0.40000  1.77077e+00  1.3070e-01
        0.45000  1.06855e+00  1.1143e-01
        0.50000  6.17922e-01  6.9870e-02
        0.55000  4.39956e-01  6.4273e-02
        0.60000  3.13186e-01  6.6083e-02
        0.65000  2.14924e-01  6.0036e-02
        0.70000  1.88218e-01  4.6703e-02
        0.75000  1.90607e-01  4.1772e-02
        0.80000  1.53127e-01  4.3981e-02
        0.85000  1.60531e-01  4.2654e-02
        0.90000  1.59788e-01  5.5480e-02
        0.95000  1.09334e-01  4.0470e-02
        1.00000  1.24663e-01  3.5658e-02
        1.05000  1.51381e-01  4.2622e-02
        1.10000  1.09410e-01  2.9863e-02
        1.15000  5.86877e-02  3.2164e-02
        1.20000  5.39116e-02  4.1264e-02
        1.25000  5.92881e-02  3.7427e-02
        1.30000  8.09698e-02  4.1347e-02
        1.35000  5.75410e-02  2.9431e-02
        1.40000  3.84153e-02  2.9658e-02
        1.45000  4.32856e-02  2.9867e-02
        1.50000  6.89411e-02  3.1058e-02
        1.55000  9.74704e-02  3.5486e-02
        1.60000  8.30419e-02  3.0343e-02
        1.65000  4.06493e-02  3.6211e-02
        1.70000  4.54124e-02  3.4305e-02
        1.75000  6.86485e-02  2.2547e-02
        1.80000  8.29625e-02  2.4150e-02
        1.85000  1.09286e-01  2.3116e-02
        1.90000  7.30867e-02  3.0534e-02
        1.95000  5.04109e-02  3.5913e-02
        2.00000  4.67093e-02  2.6176e-02
        2.05000  8.40102e-02  2.9665e-02
        2.10000  1.81864e-02  2.2343e-02
        2.15000  3.55120e-02  2.7157e-02
        2.20000  4.93204e-02  1.4433e-02
        2.25000  4.90366e-02  2.4201e-02
        2.30000  4.82903e-02  1.9344e-02
        2.35000  4.95250e-02  1.5725e-02
        2.40000  5.84239e-02  2.6368e-02
        2.45000  3.29183e-02  2.3028e-02
        2.50000  4.67337e-03  2.4290e-02
        2.55000  5.21836e-02  2.0644e-02
        2.60000  1.97532e-02  2.7998e-02
        2.65000  1.24217e-02  2.4728e-02
        2.70000  2.49211e-02  1.8778e-02
        2.75000  6.74924e-02  1.6745e-02
        2.80000  3.04308e-02  2.5231e-02
        2.85000  4.82674e-03  2.0167e-02
        2.90000  6.37581e-02  2.9755e-02
        2.95000  5.89670e-02  2.3517e-02
        3.00000  3.71545e-02  2.1179e-02
        3.05000  3.28402e-02  2.3410e-02
        3.10000  2.23948e-02  1.5848e-02
        3.15000  2.86971e-02  2.0266e-02
        3.20000  3.71044e-02  1.7022e-02
        3.25000  7.11142e-02  2.5112e-02
        3.30000  4.27302e-02  1.9497e-02
        3.35000  1.81900e-02  1.9909e-02
        3.40000  1.34255e-02  2.4847e-02
        3.45000  1.77175e-02  2.0682e-02
        3.50000  3.29098e-02  1.2742e-02
        3.55000  1.27456e-02  2.0456e-02
        3.60000  7.58295e-03  2.1708e-02
        3.65000  1.96547e-02  2.2912e-02
        3.70000 -2.47509e-02  2.2313e-02
        3.75000  9.48413e-03  1.7148e-02
        3.80000  1.69396e-02  2.0058e-02
        3.85000  1.75290e-02  1.4791e-02
        3.90000  8.53386e-03  1.9007e-02
        3.95000  3.30307e-03  1.9656e-02
        4.00000  2.44541e-02  1.6190e-02
        4.05000  2.44250e-02  2.0937e-02
        4.10000  5.93547e-02  1.9985e-02
        4.15000  7.48193e-02  1.9957e-02
        4.20000  4.17776e-02  9.7832e-03
        4.25000  6.11625e-03  1.7662e-02
        4.30000  2.21044e-02  2.5001e-02
        4.35000  1.13410e-02  1.5664e-02
        4.40000  4.06517e-02  1.7464e-02
        4.45000  2.82714e-02  1.8915e-02
        4.50000  2.69555e-02  1.8983e-02
        4.55000  3.20102e-02  1.0549e-02
        4.60000  3.37393e-02  1.7732e-02
        4.65000  7.27962e-03  1.5979e-02
        4.70000  1.56714e-03  1.8040e-02
        4.75000  3.92316e-02  2.4806e-02
        4.80000  5.18120e-03  1.9393e-02
  209    1    2    0    0    0    0  206
20In,540K,2.5A (53642)
 4.0000  13.088  2.5133  540.094   1.0 0
                  0.0000  4.0000  0.0000
       -5.45000  2.08450e-02  1.3154e-02
       -5.40000  7.84064e-04  8.9969e-03
       -5.35000  1.29987e-02  9.3623e-03
       -5.30000  3.35920e-02  1.5388e-02
       -5.25000  2.29581e-02  5.5259e-03
       -5.20000  1.45146e-02  7.0370e-03
       -5.15000  2.24721e-02  8.0590e-03
       -5.10000  4.60769e-02  1.3124e-02
       -5.05000  2.70796e-02  1.2448e-02
       -5.00000  2.06124e-02  9.5066e-03
       -4.95000  2.05639e-02  9.8133e-03
       -4.90000  2.69613e-02  8.3171e-03
       -4.85000  2.47031e-02  1.5644e-02
       -4.80000  2.47820e-02  1.2499e-02
       -4.75000  1.92124e-02  1.3117e-02
       -4.70000  3.89742e-03  1.4748e-02
       -4.65000  2.46192e-02  1.1282e-02
       -4.60000  2.67702e-02  8.7683e-03
       -4.55000  1.77368e-02  9.1882e-03
       -4.50000  2.99421e-03  1.3084e-02
       -4.45000  4.93336e-02  1.3424e-02
       -4.40000  4.89602e-02  8.2243e-03
       -4.35000  3.85310e-02  9.5643e-03
       -4.30000  3.22858e-02  1.2838e-02
       -4.25000  4.86250e-02  1.3231e-02
       -4.20000  3.49090e-02  1.3126e-02
       -4.15000  2.37258e-02  1.5353e-02
       -4.10000  1.49111e-02  1.3619e-02
       -4.05000  1.48986e-02  1.3557e-02
       -4.00000  3.14578e-02  1.3477e-02
       -3.95000  3.07226e-02  1.3861e-02
       -3.90000  2.28683e-02  1.0832e-02
       -3.85000  2.73021e-02  1.2178e-02
       -3.80000  3.29793e-02  1.4337e-02
       -3.75000  3.41526e-02  1.4069e-02
       -3.70000  3.59011e-02  1.7640e-02
       -3.65000  2.52894e-02  1.7649e-02
       -3.60000  1.82201e-02  1.3912e-02
       -3.55000  1.67291e-02  1.0720e-02
       -3.50000  2.90739e-02  1.0443e-02
       -3.45000  4.63607e-02  1.5937e-02
       -3.40000  1.91379e-02  1.1118e-02
       -3.35000  3.41114e-02  1.7275e-02
       -3.30000  2.65384e-02  1.3648e-02
       -3.25000  1.20602e-02  7.2545e-03
       -3.20000  1.85688e-02  8.7967e-03
       -3.15000  2.61499e-02  1.2571e-02
       -3.10000  1.84218e-02  1.5012e-02
       -3.05000  1.76950e-02  1.6783e-02
       -3.00000  2.00537e-02  2.1084e-02
       -2.95000  3.11699e-02  2.5888e-02
       -2.90000  3.51152e-02  1.5925e-02
       -2.85000  4.56563e-02  1.7844e-02
       -2.80000  4.27870e-02  1.3069e-02
       -2.75000  3.37020e-02  1.1897e-02
       -2.70000  2.98602e-02  1.2083e-02
       -2.65000  3.04992e-02  9.8302e-03
       -2.60000  3.89436e-02  1.2456e-02
       -2.55000  4.39224e-02  1.8827e-02
       -2.50000  3.70594e-02  1.2767e-02
       -2.45000  4.69552e-02  1.7158e-02
       -2.40000  2.09836e-02  1.9823e-02
       -2.35000  2.57312e-02  1.5900e-02
       -2.30000  4.18565e-02  1.9188e-02
       -2.25000  4.08369e-02  1.4193e-02
       -2.20000  3.18135e-02  1.5912e-02
       -2.15000  3.79083e-02  1.6952e-02
       -2.10000  4.10264e-02  1.1905e-02
       -2.05000  4.78954e-02  1.3612e-02
       -2.00000  5.17051e-02  1.8086e-02
       -1.95000  4.73350e-02  1.6786e-02
       -1.90000  4.25471e-02  1.4173e-02
       -1.85000  4.17890e-02  1.6481e-02
       -1.80000  5.11015e-02  2.0682e-02
       -1.75000  6.30941e-02  1.9301e-02
       -1.70000  6.48664e-02  1.7681e-02
       -1.65000  4.49256e-02  1.5608e-02
       -1.60000  5.42868e-02  1.4193e-02
       -1.55000  6.05909e-02  1.4815e-02
       -1.50000  6.00783e-02  1.6962e-02
       -1.45000  7.05670e-02  1.9271e-02
       -1.40000  6.12526e-02  1.8013e-02
       -1.35000  7.08419e-02  1.6687e-02
       -1.30000  7.86869e-02  2.4590e-02
       -1.25000  7.33008e-02  1.8613e-02
       -1.20000  8.09045e-02  2.2944e-02
       -1.15000  7.25304e-02  2.2156e-02
       -1.10000  6.06698e-02  1.1645e-02
       -1.05000  7.98206e-02  2.7074e-02
       -1.00000  8.45424e-02  2.6383e-02
       -0.95000  1.13338e-01  2.3984e-02
       -0.90000  1.20931e-01  2.5260e-02
       -0.85000  1.19279e-01  2.2860e-02
       -0.80000  1.41912e-01  2.3894e-02
       -0.75000  1.56767e-01  2.2832e-02
       -0.70000  1.56280e-01  2.5575e-02
       -0.65000  1.32198e-01  3.4974e-02
       -0.60000  2.15420e-01  3.9797e-02
       -0.55000  3.40206e-01  4.5756e-02
       -0.50000  7.52917e-01  5.8912e-02
       -0.45000  1.23216e+00  7.6916e-02
       -0.40000  2.00721e+00  1.0214e-01
       -0.35000  3.22438e+00  1.4774e-01
       -0.30000  4.80987e+00  1.9919e-01
       -0.25000  6.81428e+00  2.4054e-01
       -0.20000  9.21155e+00  2.6071e-01
       -0.15000  1.12827e+01  2.6175e-01
       -0.10000  1.30215e+01  2.9023e-01
       -0.05000  1.45156e+01  3.3076e-01
        0.00000  1.47971e+01  3.7286e-01
        0.05000  1.43024e+01  3.4610e-01
        0.10000  1.31670e+01  3.0849e-01
        0.15000  1.16676e+01  2.7714e-01
        0.20000  9.52012e+00  2.8696e-01
        0.25000  7.07139e+00  2.5918e-01
        0.30000  4.90925e+00  1.9390e-01
        0.35000  3.38863e+00  1.4654e-01
        0.40000  2.09257e+00  1.3256e-01
        0.45000  1.14651e+00  1.0624e-01
        0.50000  6.69901e-01  7.1888e-02
        0.55000  4.81827e-01  6.3552e-02
        0.60000  4.17320e-01  6.1419e-02
        0.65000  2.62962e-01  5.8445e-02
        0.70000  2.75512e-01  4.6671e-02
        0.75000  2.31518e-01  4.8226e-02
        0.80000  2.33249e-01  4.5016e-02
        0.85000  1.80340e-01  4.3373e-02
        0.90000  2.21049e-01  4.2245e-02
        0.95000  1.30315e-01  3.6926e-02
        1.00000  1.15424e-01  3.3347e-02
        1.05000  1.11138e-01  4.0977e-02
        1.10000  9.64827e-02  4.2405e-02
        1.15000  1.04752e-01  3.7572e-02
        1.20000  1.41513e-01  3.2639e-02
        1.25000  1.21063e-01  3.6032e-02
        1.30000  1.23412e-01  3.2839e-02
        1.35000  1.13168e-01  3.9910e-02
        1.40000  1.34115e-01  3.5979e-02
        1.45000  8.77176e-02  3.4807e-02
        1.50000  1.07528e-01  3.5795e-02
        1.55000  1.12632e-01  3.5321e-02
        1.60000  8.35704e-02  2.7338e-02
        1.65000  7.12586e-02  3.1161e-02
        1.70000  8.15651e-02  2.8279e-02
        1.75000  7.73227e-02  3.8684e-02
        1.80000  6.89961e-02  2.5553e-02
        1.85000  5.52712e-02  3.6984e-02
        1.90000  8.47407e-02  2.5888e-02
        1.95000  6.39461e-02  2.8385e-02
        2.00000  8.92464e-02  3.4450e-02
        2.05000  7.65862e-02  1.9002e-02
        2.10000  6.52656e-02  2.5660e-02
        2.15000  8.05508e-02  1.6940e-02
        2.20000  6.08910e-02  2.2755e-02
        2.25000  4.88963e-02  2.5800e-02
        2.30000  5.35339e-02  1.5198e-02
        2.35000  6.73398e-02  2.2227e-02
        2.40000  4.10210e-02  2.3532e-02
        2.45000  5.00314e-02  1.9950e-02
        2.50000  4.80673e-02  1.7794e-02
        2.55000  5.60377e-02  1.9619e-02
        2.60000  3.90710e-02  1.5182e-02
        2.65000  3.73152e-02  1.8887e-02
        2.70000  3.68654e-02  3.4383e-02
        2.75000  5.75517e-02  2.7987e-02
        2.80000  3.60056e-02  1.9971e-02
        2.85000  4.58441e-02  2.1928e-02
        2.90000  3.83306e-02  2.1456e-02
        2.95000  3.66541e-02  1.7791e-02
        3.00000  4.69436e-02  2.2730e-02
        3.05000  2.32504e-02  2.2991e-02
        3.10000  4.42582e-02  1.3600e-02
        3.15000  3.86247e-02  1.5665e-02
        3.20000  3.73355e-02  1.9186e-02
        3.25000  2.93529e-02  1.7857e-02
        3.30000  3.26823e-02  2.6135e-02
        3.35000  1.54747e-02  1.4540e-02
        3.40000  2.57821e-02  1.8891e-02
        3.45000  3.47186e-02  2.2264e-02
        3.50000  5.34459e-02  1.9559e-02
        3.55000  4.79697e-02  2.4699e-02
        3.60000  3.53993e-02  2.3365e-02
        3.65000  1.86547e-02  1.5444e-02
        3.70000  3.01262e-02  1.7636e-02
        3.75000  5.02398e-02  1.6049e-02
        3.80000  2.31733e-02  2.0094e-02
        3.85000  3.03845e-02  1.6720e-02
        3.90000  1.33005e-02  1.7413e-02
        3.95000  4.49330e-02  2.0818e-02
        4.00000  2.78050e-02  1.5214e-02
        4.05000  2.64360e-02  1.7928e-02
        4.10000  2.40798e-02  3.0437e-02
        4.15000  1.10425e-02  2.0384e-02
        4.20000  2.39555e-03  1.4902e-02
        4.25000  2.15468e-02  1.6111e-02
        4.30000  2.69461e-02  1.3298e-02
        4.35000  2.91160e-02  2.0207e-02
        4.40000  3.88455e-02  1.5293e-02
        4.45000  4.90451e-02  1.9356e-02
        4.50000  3.29799e-02  9.7149e-03
        4.55000  2.93184e-02  2.4072e-02
        4.60000  3.20114e-04  1.5901e-02
        4.65000  4.75831e-03  2.7081e-02
        4.70000  7.02865e-03  1.7585e-02
        4.75000  2.55905e-02  2.6366e-02
        4.80000  3.07755e-02  1.7425e-02
  209    1    2    0    0    0    0  206
20In,540K,2.5A (53642)
 5.0000  13.088  2.5133  540.094   1.0 0
                  0.0000  4.0000  0.0000
       -5.45000  3.00312e-02  1.0646e-02
       -5.40000  1.36915e-02  1.1547e-02
       -5.35000  2.14114e-02  9.9530e-03
       -5.30000  3.51152e-02  1.2828e-02
       -5.25000  3.40975e-02  1.2946e-02
       -5.20000  3.26627e-02  1.1224e-02
       -5.15000  2.86895e-02  1.0636e-02
       -5.10000  2.18425e-02  9.2440e-03
       -5.05000  3.39906e-02  9.4162e-03
       -5.00000  2.99207e-02  9.0924e-03
       -4.95000  2.76365e-02  1.0605e-02
       -4.90000  2.90706e-02  1.2677e-02
       -4.85000  4.06449e-02  1.4204e-02
       -4.80000  2.75499e-02  1.1725e-02
       -4.75000  2.53195e-02  1.2687e-02
       -4.70000  4.02062e-02  1.4433e-02
       -4.65000  2.13183e-02  1.3430e-02
       -4.60000  2.97294e-02  7.9878e-03
       -4.55000  3.14401e-02  8.3633e-03
       -4.50000  2.65501e-02  1.4429e-02
       -4.45000  2.30242e-02  1.4849e-02
       -4.40000  2.88727e-02  1.4881e-02
       -4.35000  2.96050e-02  1.3188e-02
       -4.30000  2.83216e-02  1.4432e-02
       -4.25000  2.89547e-02  1.5224e-02
       -4.20000  3.02453e-02  1.4569e-02
       -4.15000  3.76443e-02  1.4123e-02
       -4.10000  4.31430e-02  1.1995e-02
       -4.05000  4.74545e-02  1.1410e-02
       -4.00000  5.35130e-02  1.6486e-02
       -3.95000  3.78421e-02  1.6832e-02
       -3.90000  2.54026e-02  1.6813e-02
       -3.85000  2.51618e-02  1.4079e-02
       -3.80000  3.33633e-02  1.3751e-02
       -3.75000  4.15771e-02  1.5472e-02
       -3.70000  3.29258e-02  2.4864e-02
       -3.65000  3.27545e-02  1.7148e-02
       -3.60000  4.04489e-02  1.3706e-02
       -3.55000  4.01192e-02  1.3707e-02
       -3.50000  3.84945e-02  1.5750e-02
       -3.45000  4.16196e-02  1.8339e-02
       -3.40000  4.47955e-02  2.0887e-02
       -3.35000  3.85470e-02  1.9907e-02
       -3.30000  3.92289e-02  1.3877e-02
       -3.25000  2.72331e-02  1.3172e-02
       -3.20000  3.27550e-02  1.1431e-02
       -3.15000  4.08704e-02  1.1986e-02
       -3.10000  3.73111e-02  1.8548e-02
       -3.05000  4.64676e-02  2.1492e-02
       -3.00000  4.71816e-02  1.7737e-02
       -2.95000  3.25539e-02  2.0762e-02
       -2.90000  4.44225e-02  1.7465e-02
       -2.85000  4.21937e-02  1.6044e-02
       -2.80000  2.50695e-02  1.5383e-02
       -2.75000  2.16789e-02  1.4527e-02
       -2.70000  4.15198e-02  1.4191e-02
       -2.65000  5.85006e-02  1.5239e-02
       -2.60000  5.01462e-02  1.2411e-02
       -2.55000  5.99098e-02  1.7592e-02
       -2.50000  5.63327e-02  1.8656e-02
       -2.45000  5.66688e-02  1.7478e-02
       -2.40000  7.42731e-02  2.2574e-02
       -2.35000  5.75426e-02  1.7601e-02
       -2.30000  4.54556e-02  1.7358e-02
       -2.25000  3.92216e-02  2.0485e-02
       -2.20000  5.49968e-02  1.9099e-02
       -2.15000  7.53416e-02  1.8113e-02
       -2.10000  7.65527e-02  1.5170e-02
       -2.05000  7.08104e-02  1.8448e-02
       -2.00000  5.48837e-02  1.6625e-02
       -1.95000  4.66547e-02  1.3641e-02
       -1.90000  6.15446e-02  1.7284e-02
       -1.85000  6.83193e-02  2.0616e-02
       -1.80000  7.51660e-02  2.1284e-02
       -1.75000  7.28427e-02  1.7898e-02
       -1.70000  7.85461e-02  1.3956e-02
       -1.65000  7.21460e-02  1.2544e-02
       -1.60000  6.32503e-02  1.6880e-02
       -1.55000  7.16437e-02  1.8694e-02
       -1.50000  9.89752e-02  1.9500e-02
       -1.45000  8.57075e-02  2.0546e-02
       -1.40000  1.02986e-01  2.2244e-02
       -1.35000  9.01197e-02  1.5294e-02
       -1.30000  7.91663e-02  1.8176e-02
       -1.25000  1.04920e-01  2.1633e-02
       -1.20000  1.17911e-01  3.0380e-02
       -1.15000  1.28530e-01  3.6517e-02
       -1.10000  1.26906e-01  2.6127e-02
       -1.05000  1.64625e-01  3.1608e-02
       -1.00000  1.22915e-01  3.1955e-02
       -0.95000  1.16212e-01  2.1721e-02
       -0.90000  1.37605e-01  2.8853e-02
       -0.85000  1.91160e-01  2.6221e-02
       -0.80000  2.17053e-01  2.8511e-02
       -0.75000  2.19563e-01  2.8731e-02
       -0.70000  2.51780e-01  2.5939e-02
       -0.65000  3.10605e-01  3.1898e-02
       -0.60000  3.65041e-01  4.2748e-02
       -0.55000  4.66382e-01  4.3851e-02
       -0.50000  7.56626e-01  5.5637e-02
       -0.45000  1.26719e+00  7.3290e-02
       -0.40000  2.02668e+00  9.7594e-02
       -0.35000  3.10220e+00  1.3749e-01
       -0.30000  4.70821e+00  1.9283e-01
       -0.25000  6.36647e+00  2.2618e-01
       -0.20000  8.45584e+00  2.4750e-01
       -0.15000  1.04600e+01  2.5443e-01
       -0.10000  1.20150e+01  2.7018e-01
       -0.05000  1.27129e+01  3.0753e-01
        0.00000  1.36153e+01  3.4257e-01
        0.05000  1.31753e+01  3.1470e-01
        0.10000  1.21559e+01  2.7498e-01
        0.15000  1.09299e+01  2.5639e-01
        0.20000  9.03813e+00  2.6593e-01
        0.25000  6.65422e+00  2.3253e-01
        0.30000  4.68719e+00  1.8783e-01
        0.35000  3.08550e+00  1.4769e-01
        0.40000  1.94118e+00  1.2543e-01
        0.45000  1.09227e+00  1.0533e-01
        0.50000  7.73946e-01  7.0625e-02
        0.55000  5.31459e-01  5.8644e-02
        0.60000  4.49926e-01  5.6031e-02
        0.65000  3.58928e-01  4.5382e-02
        0.70000  3.49947e-01  4.6282e-02
        0.75000  2.82044e-01  4.9321e-02
        0.80000  2.50687e-01  5.5146e-02
        0.85000  2.16278e-01  4.1921e-02
        0.90000  2.18619e-01  4.4120e-02
        0.95000  1.88918e-01  3.9800e-02
        1.00000  1.60491e-01  3.5693e-02
        1.05000  1.67922e-01  4.5162e-02
        1.10000  1.73214e-01  3.6681e-02
        1.15000  1.56562e-01  3.7167e-02
        1.20000  1.78022e-01  3.5643e-02
        1.25000  1.69188e-01  3.4172e-02
        1.30000  1.89489e-01  3.1463e-02
        1.35000  1.36659e-01  2.6659e-02
        1.40000  1.32456e-01  3.2311e-02
        1.45000  1.33302e-01  3.3885e-02
        1.50000  1.39408e-01  3.5747e-02
        1.55000  7.76168e-02  3.1955e-02
        1.60000  8.12943e-02  3.8698e-02
        1.65000  8.33781e-02  2.9730e-02
        1.70000  7.66055e-02  2.7218e-02
        1.75000  7.22001e-02  3.0688e-02
        1.80000  5.91521e-02  3.2146e-02
        1.85000  1.69813e-02  2.7011e-02
        1.90000  5.30162e-02  3.2636e-02
        1.95000  7.32455e-02  2.7473e-02
        2.00000  9.42018e-02  3.1394e-02
        2.05000  5.98736e-02  2.7104e-02
        2.10000  6.14654e-02  3.6544e-02
        2.15000  6.40318e-02  2.8664e-02
        2.20000  6.42636e-02  1.9146e-02
        2.25000  7.48387e-02  3.2628e-02
        2.30000  5.15247e-02  2.6092e-02
        2.35000  4.47603e-02  3.1660e-02
        2.40000  7.03346e-02  2.6411e-02
        2.45000  5.31336e-02  1.5461e-02
        2.50000  5.01843e-02  3.1063e-02
        2.55000  3.22429e-02  2.8297e-02
        2.60000  5.83014e-02  1.8124e-02
        2.65000  2.55640e-02  1.1106e-02
        2.70000  5.29420e-02  2.3329e-02
        2.75000  5.27966e-02  1.9970e-02
        2.80000  4.25829e-02  2.9317e-02
        2.85000  5.63551e-02  2.6283e-02
        2.90000  4.48060e-02  2.8180e-02
        2.95000  4.63305e-02  2.2290e-02
        3.00000  3.49752e-02  2.5833e-02
        3.05000  6.82497e-02  1.4054e-02
        3.10000  5.06720e-02  1.1655e-02
        3.15000  5.20361e-02  1.8788e-02
        3.20000  4.04797e-02  2.1783e-02
        3.25000  3.34388e-02  2.0085e-02
        3.30000  5.52884e-02  3.0080e-02
        3.35000  5.08901e-02  2.2342e-02
        3.40000  3.33130e-02  1.4709e-02
        3.45000  5.48651e-02  2.2830e-02
        3.50000  4.06222e-02  1.2929e-02
        3.55000  5.14181e-02  2.1913e-02
        3.60000  4.20659e-02  2.2375e-02
        3.65000  3.32644e-02  2.6544e-02
        3.70000  3.76455e-02  2.3660e-02
        3.75000  3.55862e-02  2.3741e-02
        3.80000  4.10298e-02  2.5020e-02
        3.85000  3.94381e-02  2.1492e-02
        3.90000  2.36490e-02  2.0849e-02
        3.95000  3.81806e-02  2.1191e-02
        4.00000  2.61965e-02  2.3995e-02
        4.05000  3.51110e-02  2.4841e-02
        4.10000  6.98300e-03  2.6641e-02
        4.15000  1.90593e-02  1.4774e-02
        4.20000  2.35730e-02  1.6130e-02
        4.25000  2.09465e-02  1.3665e-02
        4.30000  2.99443e-02  2.3335e-02
        4.35000  3.91935e-02  2.0124e-02
        4.40000  2.71913e-02  2.3946e-02
        4.45000  3.69434e-02  2.2107e-02
        4.50000  3.52393e-02  1.9083e-02
        4.55000  4.17431e-02  3.2667e-02
        4.60000  4.00788e-02  2.2210e-02
        4.65000  2.26381e-02  1.9876e-02
        4.70000  4.25373e-02  1.3417e-02
        4.75000  2.30877e-02  2.4310e-02
        4.80000  3.27718e-02  2.7141e-02
  209    1    2    0    0    0    0  206
20In,540K,2.5A (53642)
 6.0000  13.088  2.5133  540.094   1.0 0
                  0.0000  4.0000  0.0000
       -5.45000  3.72758e-02  9.7524e-03
       -5.40000  2.32577e-02  6.4165e-03
       -5.35000  2.49588e-02  8.0022e-03
       -5.30000  2.99691e-02  1.4696e-02
       -5.25000  2.24386e-02  1.3185e-02
       -5.20000  2.02039e-02  8.5676e-03
       -5.15000  2.40239e-02  9.2688e-03
       -5.10000  3.36337e-02  2.0126e-02
       -5.05000  2.23244e-02  1.6287e-02
       -5.00000  2.37999e-02  8.4580e-03
       -4.95000  2.64574e-02  7.7423e-03
       -4.90000  2.93550e-02  1.5662e-02
       -4.85000  3.27845e-02  1.4383e-02
       -4.80000  2.95330e-02  1.0507e-02
       -4.75000  2.67674e-02  1.1582e-02
       -4.70000  2.41295e-02  1.4227e-02
       -4.65000  3.63052e-02  1.1534e-02
       -4.60000  3.28957e-02  7.0050e-03
       -4.55000  3.09739e-02  8.0146e-03
       -4.50000  2.84131e-02  1.4857e-02
       -4.45000  3.73233e-02  1.5643e-02
       -4.40000  2.88584e-02  1.7248e-02
       -4.35000  2.65316e-02  1.2358e-02
       -4.30000  3.12482e-02  9.8380e-03
       -4.25000  4.42397e-02  1.4694e-02
       -4.20000  3.21158e-02  1.6157e-02
       -4.15000  3.65086e-02  1.4017e-02
       -4.10000  3.59590e-02  1.2931e-02
       -4.05000  3.10977e-02  1.4585e-02
       -4.00000  2.52737e-02  1.6139e-02
       -3.95000  4.31436e-02  1.3029e-02
       -3.90000  4.19870e-02  1.2706e-02
       -3.85000  3.82779e-02  1.2794e-02
       -3.80000  3.47454e-02  1.4724e-02
       -3.75000  3.19700e-02  1.9666e-02
       -3.70000  1.99328e-02  1.4267e-02
       -3.65000  2.35090e-02  1.5802e-02
       -3.60000  3.77466e-02  8.4561e-03
       -3.55000  4.44689e-02  6.7969e-03
       -3.50000  3.94864e-02  1.0272e-02
       -3.45000  3.21226e-02  2.0444e-02
       -3.40000  3.68211e-02  1.1947e-02
       -3.35000  3.68260e-02  1.8355e-02
       -3.30000  3.22924e-02  2.1115e-02
       -3.25000  4.40261e-02  1.7166e-02
       -3.20000  4.40294e-02  1.6936e-02
       -3.15000  3.66913e-02  1.7017e-02
       -3.10000  3.47768e-02  1.3143e-02
       -3.05000  3.55624e-02  1.1964e-02
       -3.00000  3.99089e-02  1.5403e-02
       -2.95000  4.42673e-02  2.0274e-02
       -2.90000  4.43497e-02  1.5256e-02
       -2.85000  5.24026e-02  1.4363e-02
       -2.80000  3.99833e-02  1.3372e-02
       -2.75000  3.83179e-02  1.0179e-02
       -2.70000  4.82119e-02  7.8531e-03
       -2.65000  5.36352e-02  1.1719e-02
       -2.60000  6.56948e-02  1.6343e-02
       -2.55000  6.66173e-02  1.3531e-02
       -2.50000  6.34805e-02  2.0397e-02
       -2.45000  4.89735e-02  1.6814e-02
       -2.40000  5.29418e-02  1.7070e-02
       -2.35000  4.86423e-02  2.0534e-02
       -2.30000  4.59421e-02  2.1522e-02
       -2.25000  5.30480e-02  2.3855e-02
       -2.20000  6.24351e-02  1.8376e-02
       -2.15000  5.44146e-02  1.4844e-02
       -2.10000  5.13411e-02  1.1648e-02
       -2.05000  5.43706e-02  1.6132e-02
       -2.00000  6.78990e-02  1.6138e-02
       -1.95000  7.39199e-02  1.2851e-02
       -1.90000  6.92516e-02  1.6517e-02
       -1.85000  5.72736e-02  1.4526e-02
       -1.80000  6.60883e-02  1.5903e-02
       -1.75000  8.76394e-02  1.8515e-02
       -1.70000  7.31049e-02  1.7737e-02
       -1.65000  8.58896e-02  1.9429e-02
       -1.60000  1.10453e-01  1.9802e-02
       -1.55000  1.06616e-01  1.7319e-02
       -1.50000  9.37886e-02  1.8587e-02
       -1.45000  9.52438e-02  2.0598e-02
       -1.40000  1.12402e-01  1.9624e-02
       -1.35000  1.05040e-01  2.3693e-02
       -1.30000  1.12347e-01  1.8253e-02
       -1.25000  1.09018e-01  2.5613e-02
       -1.20000  8.30849e-02  2.5681e-02
       -1.15000  1.51711e-01  2.9353e-02
       -1.10000  1.53131e-01  3.6256e-02
       -1.05000  1.39306e-01  2.7166e-02
       -1.00000  1.53449e-01  3.9380e-02
       -0.95000  1.53041e-01  2.5614e-02
       -0.90000  1.52163e-01  2.5216e-02
       -0.85000  2.15696e-01  3.0801e-02
       -0.80000  2.55820e-01  2.4610e-02
       -0.75000  2.30326e-01  2.4366e-02
       -0.70000  2.77516e-01  3.3096e-02
       -0.65000  3.06662e-01  4.4437e-02
       -0.60000  3.20195e-01  5.1245e-02
       -0.55000  5.17083e-01  5.8666e-02
       -0.50000  6.80544e-01  6.9590e-02
       -0.45000  1.25317e+00  7.4523e-02
       -0.40000  1.98758e+00  1.0656e-01
       -0.35000  3.07169e+00  1.3616e-01
       -0.30000  4.48246e+00  1.9208e-01
       -0.25000  6.23196e+00  2.2583e-01
       -0.20000  8.26251e+00  2.5630e-01
       -0.15000  1.00935e+01  2.5745e-01
       -0.10000  1.17171e+01  2.7380e-01
       -0.05000  1.27142e+01  3.1681e-01
        0.00000  1.31497e+01  3.4406e-01
        0.05000  1.29774e+01  3.3795e-01
        0.10000  1.17593e+01  2.8231e-01
        0.15000  1.05972e+01  2.5341e-01
        0.20000  8.67218e+00  2.5404e-01
        0.25000  6.77971e+00  2.3673e-01
        0.30000  4.94892e+00  1.7130e-01
        0.35000  3.14493e+00  1.2950e-01
        0.40000  2.08953e+00  1.1749e-01
        0.45000  1.20894e+00  9.7463e-02
        0.50000  7.78071e-01  7.6999e-02
        0.55000  5.71486e-01  7.0422e-02
        0.60000  4.51949e-01  6.1748e-02
        0.65000  3.67710e-01  5.5147e-02
        0.70000  3.51263e-01  5.1141e-02
        0.75000  3.25451e-01  4.5389e-02
        0.80000  2.75112e-01  4.8078e-02
        0.85000  2.67627e-01  4.2080e-02
        0.90000  2.28642e-01  4.2516e-02
        0.95000  1.69582e-01  4.6261e-02
        1.00000  2.08415e-01  3.1363e-02
        1.05000  1.84434e-01  3.6259e-02
        1.10000  1.65960e-01  4.3847e-02
        1.15000  1.57926e-01  3.2786e-02
        1.20000  1.31764e-01  3.3078e-02
        1.25000  1.72509e-01  3.6558e-02
        1.30000  1.37197e-01  3.3300e-02
        1.35000  1.33997e-01  4.1693e-02
        1.40000  1.22191e-01  2.7511e-02
        1.45000  1.22644e-01  3.2163e-02
        1.50000  1.02852e-01  3.3129e-02
        1.55000  1.07266e-01  3.2705e-02
        1.60000  9.99578e-02  3.5527e-02
        1.65000  8.49003e-02  4.0061e-02
        1.70000  6.59600e-02  2.7540e-02
        1.75000  1.24903e-01  3.1302e-02
        1.80000  9.66689e-02  3.0786e-02
        1.85000  6.88151e-02  3.1327e-02
        1.90000  6.60123e-02  3.4461e-02
        1.95000  6.97298e-02  3.1598e-02
        2.00000  7.04956e-02  3.0099e-02
        2.05000  7.43951e-02  3.6079e-02
        2.10000  8.47891e-02  2.7345e-02
        2.15000  6.03733e-02  2.9026e-02
        2.20000  6.34988e-02  2.9358e-02
        2.25000  7.33388e-02  2.3621e-02
        2.30000  7.16937e-02  2.0467e-02
        2.35000  7.91439e-02  2.2555e-02
        2.40000  5.94956e-02  3.4043e-02
        2.45000  6.11210e-02  2.7599e-02
        2.50000  4.36820e-02  2.2801e-02
        2.55000  5.68093e-02  2.2444e-02
        2.60000  6.68861e-02  1.8698e-02
        2.65000  3.83019e-02  2.2230e-02
        2.70000  7.76597e-02  2.8001e-02
        2.75000  4.70184e-02  1.7112e-02
        2.80000  4.49148e-02  1.9113e-02
        2.85000  4.86034e-02  2.3739e-02
        2.90000  4.00904e-02  2.4059e-02
        2.95000  5.64146e-02  2.2092e-02
        3.00000  5.47941e-02  2.1801e-02
        3.05000  7.03001e-02  2.4601e-02
        3.10000  6.92464e-02  2.5259e-02
        3.15000  5.48521e-02  2.6818e-02
        3.20000  3.88007e-02  2.7343e-02
        3.25000  4.59332e-02  2.1182e-02
        3.30000  3.82317e-02  2.1154e-02
        3.35000  4.85522e-02  2.6479e-02
        3.40000  4.08185e-02  2.0550e-02
        3.45000  8.12452e-02  2.1687e-02
        3.50000  4.57770e-02  2.6865e-02
        3.55000  2.39610e-02  1.9731e-02
        3.60000  4.66191e-02  1.5304e-02
        3.65000  3.53583e-02  3.5243e-02
        3.70000  3.67687e-02  2.0026e-02
        3.75000  2.26836e-02  1.5606e-02
        3.80000  3.68661e-02  1.8644e-02
        3.85000  6.82907e-02  1.3701e-02
        3.90000  2.40117e-02  1.1496e-02
        3.95000  3.60910e-02  1.8306e-02
        4.00000  4.39438e-02  2.2872e-02
        4.05000  2.52773e-02  2.0894e-02
        4.10000  3.30846e-02  2.6999e-02
        4.15000  3.92348e-02  3.0564e-02
        4.20000  2.91764e-02  1.9375e-02
        4.25000  4.46474e-02  2.6441e-02
        4.30000  3.38176e-02  1.2419e-02
        4.35000  4.22458e-02  1.3850e-02
        4.40000  3.75087e-02  1.4550e-02
        4.45000  5.68961e-02  2.0150e-02
        4.50000  4.41261e-02  2.0406e-02
        4.55000  2.73181e-02  1.9613e-02
        4.60000  2.36939e-02  3.5709e-02
        4.65000  4.70041e-02  1.5664e-02
        4.70000  2.81905e-02  2.2810e-02
        4.75000  2.22900e-02  2.0837e-02
        4.80000  2.38805e-02  2.0103e-02
  209    1    2    0    0    0    0  206
20In,540K,2.5A (53642)
 7.0000  13.088  2.5133  540.094   1.0 0
                  0.0000  4.0000  0.0000
       -5.45000  2.21667e-02  1.4784e-02
       -5.40000  4.99229e-02  1.0125e-02
       -5.35000  4.14068e-02  7.7518e-03
       -5.30000  2.58031e-02  8.6686e-03
       -5.25000  4.39018e-02  2.1596e-02
       -5.20000  4.23636e-02  1.3336e-02
       -5.15000  4.53171e-02  1.2692e-02
       -5.10000  5.35131e-02  1.6813e-02
       -5.05000  5.01861e-02  1.5275e-02
       -5.00000  4.50468e-02  1.3714e-02
       -4.95000  4.17484e-02  1.5490e-02
       -4.90000  4.04985e-02  1.6293e-02
       -4.85000  2.29414e-02  1.4216e-02
       -4.80000  3.80490e-02  9.7183e-03
       -4.75000  4.21624e-02  9.1531e-03
       -4.70000  2.78308e-02  1.2368e-02
       -4.65000  4.74125e-02  1.4334e-02
       -4.60000  3.74432e-02  6.3878e-03
       -4.55000  3.45490e-02  7.2499e-03
       -4.50000  3.96033e-02  1.6500e-02
       -4.45000  4.10263e-02  1.9411e-02
       -4.40000  3.10121e-02  1.4925e-02
       -4.35000  4.18216e-02  1.3277e-02
       -4.30000  5.14276e-02  1.4812e-02
       -4.25000  4.13236e-02  1.3252e-02
       -4.20000  4.45015e-02  1.3584e-02
       -4.15000  3.81097e-02  1.2250e-02
       -4.10000  4.05512e-02  1.0191e-02
       -4.05000  4.19412e-02  9.0636e-03
       -4.00000  2.99284e-02  1.6515e-02
       -3.95000  2.89616e-02  1.3356e-02
       -3.90000  4.46058e-02  1.2237e-02
       -3.85000  3.96035e-02  1.1476e-02
       -3.80000  3.50588e-02  1.2196e-02
       -3.75000  4.65308e-02  1.2023e-02
       -3.70000  3.86151e-02  1.6399e-02
       -3.65000  2.55307e-02  1.3006e-02
       -3.60000  4.20478e-02  1.4260e-02
       -3.55000  4.07675e-02  1.4273e-02
       -3.50000  3.44981e-02  1.5368e-02
       -3.45000  3.72129e-02  1.7606e-02
       -3.40000  4.63934e-02  1.1827e-02
       -3.35000  4.74953e-02  1.3638e-02
       -3.30000  4.61706e-02  1.6187e-02
       -3.25000  5.76534e-02  1.6158e-02
       -3.20000  6.68355e-02  1.4615e-02
       -3.15000  5.58014e-02  1.3384e-02
       -3.10000  4.21656e-02  1.4767e-02
       -3.05000  5.81531e-02  2.3036e-02
       -3.00000  3.25727e-02  2.2675e-02
       -2.95000  4.59540e-02  1.7185e-02
       -2.90000  4.88906e-02  1.7758e-02
       -2.85000  6.08790e-02  1.8274e-02
       -2.80000  6.36925e-02  1.2637e-02
       -2.75000  5.90033e-02  1.0671e-02
       -2.70000  5.54653e-02  1.2915e-02
       -2.65000  6.35695e-02  1.5687e-02
       -2.60000  6.97809e-02  1.4586e-02
       -2.55000  6.91704e-02  1.8529e-02
       -2.50000  6.42166e-02  1.6162e-02
       -2.45000  7.65932e-02  2.3144e-02
       -2.40000  6.93746e-02  3.0564e-02
       -2.35000  7.75533e-02  2.1820e-02
       -2.30000  6.08307e-02  1.4701e-02
       -2.25000  8.26781e-02  1.5003e-02
       -2.20000  7.92332e-02  1.1495e-02
       -2.15000  7.02053e-02  1.1686e-02
       -2.10000  7.04581e-02  1.6116e-02
       -2.05000  6.92503e-02  1.6012e-02
       -2.00000  5.87950e-02  1.4718e-02
       -1.95000  6.00364e-02  1.2578e-02
       -1.90000  8.00537e-02  1.5978e-02
       -1.85000  9.34197e-02  1.6720e-02
       -1.80000  9.89740e-02  1.8533e-02
       -1.75000  8.52321e-02  2.2473e-02
       -1.70000  9.59526e-02  1.9875e-02
       -1.65000  1.10028e-01  1.6592e-02
       -1.60000  1.17037e-01  1.5711e-02
       -1.55000  1.13866e-01  1.6528e-02
       -1.50000  1.24785e-01  1.4595e-02
       -1.45000  1.19117e-01  1.4329e-02
       -1.40000  1.00236e-01  1.3724e-02
       -1.35000  1.09867e-01  2.1951e-02
       -1.30000  1.19179e-01  2.1565e-02
       -1.25000  1.37786e-01  2.0564e-02
       -1.20000  1.25194e-01  2.2488e-02
       -1.15000  1.48285e-01  2.4277e-02
       -1.10000  1.60917e-01  3.1801e-02
       -1.05000  1.36975e-01  3.4160e-02
       -1.00000  1.85424e-01  2.7141e-02
       -0.95000  1.84148e-01  2.5801e-02
       -0.90000  2.02677e-01  2.8494e-02
       -0.85000  2.00325e-01  2.5190e-02
       -0.80000  2.45906e-01  2.5877e-02
       -0.75000  2.77473e-01  2.8167e-02
       -0.70000  2.85764e-01  2.8205e-02
       -0.65000  3.00324e-01  3.6260e-02
       -0.60000  3.90259e-01  3.8583e-02
       -0.55000  5.98774e-01  4.7359e-02
       -0.50000  8.45526e-01  5.2365e-02
       -0.45000  1.27978e+00  6.9436e-02
       -0.40000  2.07537e+00  9.0459e-02
       -0.35000  3.12383e+00  1.2375e-01
       -0.30000  4.30690e+00  1.6728e-01
       -0.25000  6.16925e+00  1.9791e-01
       -0.20000  7.72406e+00  2.1215e-01
       -0.15000  9.37635e+00  2.1912e-01
       -0.10000  1.09445e+01  2.3690e-01
       -0.05000  1.21472e+01  2.6970e-01
        0.00000  1.26724e+01  3.0591e-01
        0.05000  1.23794e+01  2.9402e-01
        0.10000  1.14193e+01  2.4426e-01
        0.15000  1.02178e+01  2.2885e-01
        0.20000  8.62871e+00  2.2550e-01
        0.25000  6.50121e+00  2.0236e-01
        0.30000  4.65728e+00  1.5608e-01
        0.35000  3.19123e+00  1.2533e-01
        0.40000  2.00618e+00  1.1085e-01
        0.45000  1.25428e+00  8.9255e-02
        0.50000  8.44997e-01  6.6640e-02
        0.55000  6.78299e-01  5.9736e-02
        0.60000  4.98339e-01  4.7485e-02
        0.65000  4.57672e-01  5.1530e-02
        0.70000  4.15734e-01  4.0053e-02
        0.75000  3.08934e-01  4.3095e-02
        0.80000  3.04802e-01  4.3377e-02
        0.85000  2.36193e-01  3.7458e-02
        0.90000  2.51634e-01  4.4234e-02
        0.95000  2.69191e-01  3.8673e-02
        1.00000  2.32997e-01  3.3622e-02
        1.05000  1.66757e-01  3.4861e-02
        1.10000  1.98490e-01  3.4166e-02
        1.15000  1.90957e-01  3.6746e-02
        1.20000  1.69572e-01  3.4805e-02
        1.25000  1.47401e-01  2.9587e-02
        1.30000  1.46647e-01  3.5502e-02
        1.35000  1.57791e-01  2.5402e-02
        1.40000  1.72696e-01  2.8378e-02
        1.45000  1.28234e-01  3.2814e-02
        1.50000  1.04584e-01  3.3862e-02
        1.55000  1.15651e-01  1.9416e-02
        1.60000  9.71753e-02  2.9784e-02
        1.65000  1.01734e-01  2.8994e-02
        1.70000  1.19839e-01  2.0571e-02
        1.75000  1.07410e-01  3.3159e-02
        1.80000  9.45030e-02  3.3222e-02
        1.85000  9.29637e-02  3.1504e-02
        1.90000  8.95764e-02  3.3806e-02
        1.95000  9.65452e-02  2.9890e-02
        2.00000  9.94096e-02  2.3119e-02
        2.05000  1.00103e-01  3.4173e-02
        2.10000  9.32057e-02  2.9153e-02
        2.15000  8.48878e-02  2.8840e-02
        2.20000  8.37562e-02  2.5665e-02
        2.25000  8.51871e-02  2.4991e-02
        2.30000  7.99173e-02  2.0811e-02
        2.35000  7.60109e-02  2.1535e-02
        2.40000  6.35647e-02  2.7722e-02
        2.45000  7.09280e-02  1.9467e-02
        2.50000  8.04826e-02  2.0389e-02
        2.55000  5.42172e-02  2.0457e-02
        2.60000  4.20934e-02  1.9611e-02
        2.65000  3.95780e-02  1.6226e-02
        2.70000  8.82298e-02  2.4281e-02
        2.75000  5.07382e-02  2.9975e-02
        2.80000  4.03361e-02  1.9532e-02
        2.85000  4.85412e-02  2.1273e-02
        2.90000  4.85519e-02  2.1885e-02
        2.95000  7.06274e-02  1.6058e-02
        3.00000  4.39925e-02  1.9414e-02
        3.05000  4.60302e-02  2.3864e-02
        3.10000  4.09262e-02  1.8517e-02
        3.15000  4.44025e-02  2.4652e-02
        3.20000  4.93081e-02  1.7317e-02
        3.25000  5.92652e-02  1.7712e-02
        3.30000  4.69199e-02  2.4490e-02
        3.35000  3.21352e-02  2.0073e-02
        3.40000  7.40000e-02  3.3396e-02
        3.45000  7.79665e-02  1.7520e-02
        3.50000  5.38494e-02  2.5325e-02
        3.55000  5.77484e-02  3.0186e-02
        3.60000  5.39635e-02  1.9238e-02
        3.65000  5.95294e-02  1.0881e-02
        3.70000  7.61810e-02  2.2610e-02
        3.75000  4.63754e-02  2.4116e-02
        3.80000  5.97188e-02  1.8668e-02
        3.85000  6.48016e-02  1.6986e-02
        3.90000  6.66820e-02  1.3528e-02
        3.95000  6.32195e-02  2.8691e-02
        4.00000  7.57924e-02  1.7382e-02
        4.05000  1.93764e-02  2.7238e-02
        4.10000  5.75636e-02  1.1693e-02
        4.15000  6.51008e-02  2.4546e-02
        4.20000  5.18500e-02  2.2809e-02
        4.25000  3.64658e-02  1.9997e-02
        4.30000  3.02962e-02  2.3124e-02
        4.35000  4.28742e-02  2.7397e-02
        4.40000  3.97148e-02  2.2619e-02
        4.45000  7.14567e-02  1.4047e-02
        4.50000  6.52214e-02  7.4989e-03
        4.55000  4.50284e-02  2.9235e-02
        4.60000  2.83755e-02  2.1385e-02
        4.65000  2.83934e-02  2.1699e-02
        4.70000  6.89964e-02  1.9118e-02
        4.75000  4.06119e-02  2.1124e-02
        4.80000  2.03987e-02  2.3100e-02
  209    1    2    0    0    0    0  206
20In,540K,2.5A (53642)
 8.0000  13.088  2.5133  540.094   1.0 0
                  0.0000  4.0000  0.0000
       -5.45000  5.37990e-02  1.3101e-02
       -5.40000  6.01095e-02  1.4045e-02
       -5.35000  5.74451e-02  1.1879e-02
       -5.30000  5.33993e-02  1.5884e-02
       -5.25000  5.85019e-02  1.4926e-02
       -5.20000  5.15719e-02  9.7636e-03
       -5.15000  4.93335e-02  9.3293e-03
       -5.10000  5.42905e-02  1.5933e-02
       -5.05000  3.68248e-02  7.8562e-03
       -5.00000  4.18260e-02  1.2499e-02
       -4.95000  4.82886e-02  1.4936e-02
       -4.90000  5.23208e-02  1.2733e-02
       -4.85000  4.91564e-02  1.1960e-02
       -4.80000  5.14982e-02  1.1948e-02
       -4.75000  5.63527e-02  1.3241e-02
       -4.70000  6.46421e-02  9.7697e-03
       -4.65000  6.27374e-02  1.4076e-02
       -4.60000  4.84067e-02  7.7757e-03
       -4.55000  4.76216e-02  7.5717e-03
       -4.50000  6.05575e-02  1.2776e-02
       -4.45000  6.01721e-02  1.2222e-02
       -4.40000  5.80896e-02  8.6237e-03
       -4.35000  5.40211e-02  9.3806e-03
       -4.30000  4.96726e-02  1.1979e-02
       -4.25000  5.30953e-02  1.0623e-02
       -4.20000  6.18559e-02  1.1076e-02
       -4.15000  5.41529e-02  1.2325e-02
       -4.10000  5.09549e-02  1.3245e-02
       -4.05000  5.12086e-02  1.6642e-02
       -4.00000  5.35619e-02  1.7553e-02
       -3.95000  5.13521e-02  1.7533e-02
       -3.90000  4.36339e-02  1.3448e-02
       -3.85000  5.02068e-02  1.0670e-02
       -3.80000  5.35760e-02  1.0480e-02
       -3.75000  4.53119e-02  1.2484e-02
       -3.70000  6.03071e-02  1.7203e-02
       -3.65000  6.28182e-02  1.7741e-02
       -3.60000  5.30488e-02  1.1874e-02
       -3.55000  6.09035e-02  1.2011e-02
       -3.50000  6.37250e-02  1.3498e-02
       -3.45000  4.73679e-02  1.7962e-02
       -3.40000  3.96627e-02  1.5888e-02
       -3.35000  6.46760e-02  1.7109e-02
       -3.30000  6.18771e-02  1.5585e-02
       -3.25000  6.85597e-02  1.5206e-02
       -3.20000  6.08576e-02  1.3491e-02
       -3.15000  6.24042e-02  1.2793e-02
       -3.10000  7.69154e-02  1.4051e-02
       -3.05000  5.37135e-02  1.5050e-02
       -3.00000  6.79760e-02  1.7958e-02
       -2.95000  5.69172e-02  1.6061e-02
       -2.90000  7.61023e-02  1.8161e-02
       -2.85000  6.78402e-02  1.7643e-02
       -2.80000  6.83913e-02  1.3525e-02
       -2.75000  6.96291e-02  1.2837e-02
       -2.70000  6.45556e-02  1.5449e-02
       -2.65000  6.28052e-02  1.7776e-02
       -2.60000  7.38312e-02  1.2382e-02
       -2.55000  7.13230e-02  1.8182e-02
       -2.50000  6.09154e-02  2.1577e-02
       -2.45000  9.01610e-02  2.2304e-02
       -2.40000  8.82692e-02  1.7422e-02
       -2.35000  8.59882e-02  1.5371e-02
       -2.30000  7.15265e-02  2.0278e-02
       -2.25000  7.54426e-02  1.4648e-02
       -2.20000  8.90982e-02  2.2542e-02
       -2.15000  8.40728e-02  2.1230e-02
       -2.10000  7.92301e-02  1.9233e-02
       -2.05000  9.00895e-02  1.9241e-02
       -2.00000  8.98537e-02  1.8983e-02
       -1.95000  7.19400e-02  1.7574e-02
       -1.90000  8.69171e-02  1.5646e-02
       -1.85000  9.72418e-02  1.4479e-02
       -1.80000  1.01550e-01  1.7611e-02
       -1.75000  1.14824e-01  1.9474e-02
       -1.70000  1.11736e-01  1.8466e-02
       -1.65000  1.13302e-01  1.7769e-02
       -1.60000  1.14335e-01  1.6906e-02
       -1.55000  1.20718e-01  1.7662e-02
       -1.50000  1.40186e-01  1.7823e-02
       -1.45000  1.21203e-01  1.9377e-02
       -1.40000  1.19323e-01  1.9981e-02
       -1.35000  1.43467e-01  2.4345e-02
       -1.30000  1.47775e-01  2.3858e-02
       -1.25000  1.44388e-01  2.0907e-02
       -1.20000  1.58405e-01  2.6778e-02
       -1.15000  1.56304e-01  2.4728e-02
       -1.10000  1.63627e-01  2.9294e-02
       -1.05000  1.31876e-01  2.9694e-02
       -1.00000  1.65344e-01  2.8212e-02
       -0.95000  1.97275e-01  2.1851e-02
       -0.90000  2.46621e-01  2.5653e-02
       -0.85000  2.50712e-01  2.2362e-02
       -0.80000  2.57099e-01  2.3995e-02
       -0.75000  2.77529e-01  2.6620e-02
       -0.70000  2.91305e-01  2.8632e-02
       -0.65000  2.84138e-01  3.4159e-02
       -0.60000  4.16864e-01  3.7942e-02
       -0.55000  5.26653e-01  4.8160e-02
       -0.50000  7.39624e-01  4.9753e-02
       -0.45000  1.14610e+00  6.3086e-02
       -0.40000  1.81857e+00  8.1650e-02
       -0.35000  2.68464e+00  1.0945e-01
       -0.30000  3.67845e+00  1.4338e-01
       -0.25000  5.20320e+00  1.7937e-01
       -0.20000  6.86966e+00  1.8357e-01
       -0.15000  8.23255e+00  1.8838e-01
       -0.10000  9.49508e+00  1.9667e-01
       -0.05000  1.04136e+01  2.2838e-01
        0.00000  1.09940e+01  2.6221e-01
        0.05000  1.06074e+01  2.5659e-01
        0.10000  1.01607e+01  2.2650e-01
        0.15000  9.06479e+00  2.0941e-01
        0.20000  7.36526e+00  2.1912e-01
        0.25000  5.77019e+00  1.9991e-01
        0.30000  4.01134e+00  1.5069e-01
        0.35000  2.84468e+00  1.2009e-01
        0.40000  1.84589e+00  1.0531e-01
        0.45000  1.14672e+00  8.8531e-02
        0.50000  8.94964e-01  6.5881e-02
        0.55000  6.13652e-01  5.5966e-02
        0.60000  4.80242e-01  5.0358e-02
        0.65000  4.12771e-01  5.1828e-02
        0.70000  3.75914e-01  4.9030e-02
        0.75000  3.12991e-01  4.9294e-02
        0.80000  3.07035e-01  4.4427e-02
        0.85000  2.49296e-01  4.1648e-02
        0.90000  3.07463e-01  4.8163e-02
        0.95000  2.46261e-01  4.1990e-02
        1.00000  2.29267e-01  4.4431e-02
        1.05000  2.15512e-01  4.2614e-02
        1.10000  1.94975e-01  4.3062e-02
        1.15000  2.16749e-01  4.4768e-02
        1.20000  1.69104e-01  4.2149e-02
        1.25000  1.61639e-01  3.9414e-02
        1.30000  1.58998e-01  4.1994e-02
        1.35000  1.88696e-01  3.9756e-02
        1.40000  1.68233e-01  4.1152e-02
        1.45000  1.71806e-01  3.8189e-02
        1.50000  1.63134e-01  3.3074e-02
        1.55000  1.38356e-01  3.2314e-02
        1.60000  1.30278e-01  3.6706e-02
        1.65000  1.15251e-01  3.5003e-02
        1.70000  1.22662e-01  3.1474e-02
        1.75000  1.21707e-01  3.4873e-02
        1.80000  1.29674e-01  2.8841e-02
        1.85000  1.19376e-01  2.0633e-02
        1.90000  1.40482e-01  2.7551e-02
        1.95000  1.01010e-01  2.3586e-02
        2.00000  1.01124e-01  2.3359e-02
        2.05000  1.21859e-01  2.1503e-02
        2.10000  8.75832e-02  1.6979e-02
        2.15000  1.00319e-01  2.6170e-02
        2.20000  9.78515e-02  2.1434e-02
        2.25000  7.29389e-02  2.0565e-02
        2.30000  7.92956e-02  2.2965e-02
        2.35000  6.57654e-02  2.0011e-02
        2.40000  7.77431e-02  2.0987e-02
        2.45000  8.95569e-02  2.4028e-02
        2.50000  7.22508e-02  1.6297e-02
        2.55000  5.99643e-02  1.9506e-02
        2.60000  8.17105e-02  1.1642e-02
        2.65000  5.86944e-02  1.8220e-02
        2.70000  5.44259e-02  2.9816e-02
        2.75000  8.08817e-02  2.3745e-02
        2.80000  7.71981e-02  1.8443e-02
        2.85000  6.35632e-02  1.9139e-02
        2.90000  7.09811e-02  1.7075e-02
        2.95000  8.55923e-02  2.1546e-02
        3.00000  8.22839e-02  1.9995e-02
        3.05000  7.20893e-02  1.7466e-02
        3.10000  7.45337e-02  1.8912e-02
        3.15000  5.71281e-02  1.5178e-02
        3.20000  6.78822e-02  1.4531e-02
        3.25000  8.09228e-02  1.7959e-02
        3.30000  7.36005e-02  1.7608e-02
        3.35000  8.40671e-02  1.6391e-02
        3.40000  4.58699e-02  1.9893e-02
        3.45000  5.02345e-02  1.5560e-02
        3.50000  5.69048e-02  2.1559e-02
        3.55000  5.89448e-02  1.8342e-02
        3.60000  7.97724e-02  1.8599e-02
        3.65000  7.09149e-02  1.3768e-02
        3.70000  6.98982e-02  1.9065e-02
        3.75000  6.18689e-02  1.6373e-02
        3.80000  4.52493e-02  1.2410e-02
        3.85000  7.59038e-02  1.3944e-02
        3.90000  7.69520e-02  2.4857e-02
        3.95000  5.90987e-02  1.3824e-02
        4.00000  5.30859e-02  1.7813e-02
        4.05000  6.16710e-02  1.8968e-02
        4.10000  6.76720e-02  1.4849e-02
        4.15000  6.44383e-02  1.8093e-02
        4.20000  5.98576e-02  1.5132e-02
        4.25000  4.67896e-02  1.9629e-02
        4.30000  5.91475e-02  1.2916e-02
        4.35000  8.45298e-02  7.8005e-03
        4.40000  6.49033e-02  1.6978e-02
        4.45000  8.10499e-02  1.3736e-02
        4.50000  5.55091e-02  2.1629e-02
        4.55000  6.92989e-02  1.4849e-02
        4.60000  5.30327e-02  1.3913e-02
        4.65000  6.76291e-02  1.4142e-02
        4.70000  6.21178e-02  7.2040e-03
        4.75000  7.76858e-02  1.6435e-02
        4.80000  7.78085e-02  1.6186e-02
  209    1    2    0    0    0    0  206
20In,540K,2.5A (53642)
 9.0000  13.088  2.5133  540.094   1.0 0
                  0.0000  4.0000  0.0000
       -5.45000  6.14294e-02  9.6716e-03
       -5.40000  4.42708e-02  1.1969e-02
       -5.35000  4.59239e-02  8.9728e-03
       -5.30000  5.23111e-02  9.0569e-03
       -5.25000  5.14427e-02  1.2463e-02
       -5.20000  4.99539e-02  9.3027e-03
       -5.15000  4.91435e-02  9.7927e-03
       -5.10000  5.50828e-02  1.6595e-02
       -5.05000  5.58534e-02  1.6138e-02
       -5.00000  6.04788e-02  1.1265e-02
       -4.95000  5.99824e-02  1.2066e-02
       -4.90000  4.70913e-02  1.9319e-02
       -4.85000  4.72036e-02  1.0337e-02
       -4.80000  5.06520e-02  7.8188e-03
       -4.75000  5.48430e-02  8.5679e-03
       -4.70000  5.92820e-02  1.4278e-02
       -4.65000  5.11464e-02  1.4545e-02
       -4.60000  4.86503e-02  9.5533e-03
       -4.55000  4.62305e-02  8.9201e-03
       -4.50000  4.84518e-02  9.9053e-03
       -4.45000  5.87497e-02  1.3014e-02
       -4.40000  5.99350e-02  8.9775e-03
       -4.35000  5.97169e-02  7.9849e-03
       -4.30000  5.75590e-02  9.4088e-03
       -4.25000  5.50106e-02  1.4847e-02
       -4.20000  6.05106e-02  1.7228e-02
       -4.15000  5.00312e-02  9.6160e-03
       -4.10000  4.32261e-02  8.6759e-03
       -4.05000  4.30869e-02  1.0592e-02
       -4.00000  5.18699e-02  1.6019e-02
       -3.95000  5.32970e-02  8.9057e-03
       -3.90000  5.10370e-02  1.5098e-02
       -3.85000  5.05617e-02  1.2159e-02
       -3.80000  4.92876e-02  1.0839e-02
       -3.75000  4.87227e-02  1.0941e-02
       -3.70000  6.52566e-02  1.7124e-02
       -3.65000  6.34863e-02  1.4973e-02
       -3.60000  6.12692e-02  1.0409e-02
       -3.55000  5.81690e-02  1.1848e-02
       -3.50000  5.80262e-02  1.3851e-02
       -3.45000  6.46968e-02  1.3766e-02
       -3.40000  6.82072e-02  1.1761e-02
       -3.35000  5.65426e-02  1.3852e-02
       -3.30000  7.79685e-02  1.8645e-02
       -3.25000  6.51181e-02  1.5210e-02
       -3.20000  5.48455e-02  1.3275e-02
       -3.15000  5.31009e-02  1.2524e-02
       -3.10000  5.59550e-02  1.3953e-02
       -3.05000  5.85122e-02  2.0010e-02
       -3.00000  6.03961e-02  1.6005e-02
       -2.95000  5.38519e-02  1.4384e-02
       -2.90000  7.31729e-02  1.9097e-02
       -2.85000  7.09099e-02  1.7147e-02
       -2.80000  7.33412e-02  1.3231e-02
       -2.75000  6.79323e-02  1.1669e-02
       -2.70000  5.74147e-02  1.2155e-02
       -2.65000  5.56439e-02  1.2998e-02
       -2.60000  6.18959e-02  1.3014e-02
       -2.55000  6.84090e-02  2.2283e-02
       -2.50000  7.07757e-02  1.7286e-02
       -2.45000  5.78896e-02  1.5583e-02
       -2.40000  6.88938e-02  1.5179e-02
       -2.35000  6.81374e-02  1.6836e-02
       -2.30000  6.93640e-02  1.4485e-02
       -2.25000  7.35105e-02  1.5671e-02
       -2.20000  7.60919e-02  1.7047e-02
       -2.15000  8.05177e-02  1.5386e-02
       -2.10000  8.15539e-02  1.4175e-02
       -2.05000  8.80850e-02  1.4430e-02
       -2.00000  9.07469e-02  1.7115e-02
       -1.95000  8.48100e-02  1.6463e-02
       -1.90000  8.12622e-02  1.4825e-02
       -1.85000  8.81612e-02  1.2774e-02
       -1.80000  9.27598e-02  1.5300e-02
       -1.75000  9.51296e-02  1.7817e-02
       -1.70000  1.03353e-01  1.8440e-02
       -1.65000  1.06150e-01  1.6306e-02
       -1.60000  1.02978e-01  1.6999e-02
       -1.55000  1.04500e-01  1.8917e-02
       -1.50000  1.27668e-01  1.7939e-02
       -1.45000  1.22646e-01  1.7239e-02
       -1.40000  1.23456e-01  1.7621e-02
       -1.35000  1.27862e-01  1.9673e-02
       -1.30000  1.24281e-01  1.8893e-02
       -1.25000  1.37193e-01  2.1023e-02
       -1.20000  1.63339e-01  2.5951e-02
       -1.15000  1.29122e-01  2.4989e-02
       -1.10000  1.60908e-01  2.5327e-02
       -1.05000  1.58879e-01  3.1408e-02
       -1.00000  1.75803e-01  2.8246e-02
       -0.95000  1.98027e-01  2.1254e-02
       -0.90000  1.92623e-01  2.8486e-02
       -0.85000  1.95682e-01  2.4270e-02
       -0.80000  2.28644e-01  2.8792e-02
       -0.75000  2.41991e-01  2.6400e-02
       -0.70000  2.61488e-01  3.0051e-02
       -0.65000  3.48104e-01  3.5095e-02
       -0.60000  4.07954e-01  3.6750e-02
       -0.55000  4.84561e-01  4.4732e-02
       -0.50000  6.97654e-01  5.0830e-02
       -0.45000  1.12070e+00  6.0378e-02
       -0.40000  1.76995e+00  7.6277e-02
       -0.35000  2.68003e+00  1.0665e-01
       -0.30000  3.84589e+00  1.4177e-01
       -0.25000  5.25795e+00  1.6762e-01
       -0.20000  6.89102e+00  1.8233e-01
       -0.15000  8.08718e+00  1.8704e-01
       -0.10000  9.30653e+00  2.0348e-01
       -0.05000  1.01690e+01  2.2940e-01
        0.00000  1.08210e+01  2.6361e-01
        0.05000  1.04198e+01  2.5003e-01
        0.10000  9.60672e+00  2.1946e-01
        0.15000  8.57695e+00  2.0242e-01
        0.20000  7.17359e+00  2.1469e-01
        0.25000  5.43567e+00  1.9093e-01
        0.30000  3.87717e+00  1.4146e-01
        0.35000  2.61001e+00  1.1207e-01
        0.40000  1.72537e+00  9.8727e-02
        0.45000  1.09742e+00  8.2738e-02
        0.50000  6.76221e-01  5.6698e-02
        0.55000  5.23050e-01  4.7768e-02
        0.60000  4.66581e-01  4.9417e-02
        0.65000  3.73338e-01  4.4294e-02
        0.70000  3.54063e-01  4.0378e-02
        0.75000  3.10135e-01  4.4546e-02
        0.80000  2.75772e-01  4.1436e-02
        0.85000  2.54581e-01  3.5470e-02
        0.90000  2.27262e-01  4.1700e-02
        0.95000  2.18678e-01  3.6521e-02
        1.00000  2.22714e-01  3.3946e-02
        1.05000  2.09537e-01  3.7882e-02
        1.10000  2.19408e-01  3.4409e-02
        1.15000  2.31258e-01  2.9933e-02
        1.20000  1.80536e-01  3.3979e-02
        1.25000  1.61912e-01  2.7112e-02
        1.30000  1.54582e-01  3.7171e-02
        1.35000  1.47983e-01  2.9351e-02
        1.40000  1.56781e-01  3.1817e-02
        1.45000  1.51207e-01  3.7860e-02
        1.50000  1.36692e-01  2.6596e-02
        1.55000  1.30744e-01  2.5529e-02
        1.60000  1.30347e-01  2.4665e-02
        1.65000  1.42683e-01  2.8580e-02
        1.70000  9.98795e-02  2.6623e-02
        1.75000  1.07839e-01  2.5893e-02
        1.80000  8.34344e-02  2.2733e-02
        1.85000  1.06433e-01  2.8882e-02
        1.90000  1.25590e-01  2.5679e-02
        1.95000  8.47631e-02  2.4898e-02
        2.00000  1.13825e-01  2.3338e-02
        2.05000  1.05699e-01  2.4054e-02
        2.10000  9.21829e-02  2.3140e-02
        2.15000  8.88721e-02  2.0515e-02
        2.20000  8.84108e-02  2.1305e-02
        2.25000  9.38342e-02  2.2959e-02
        2.30000  7.28631e-02  1.8822e-02
        2.35000  6.96237e-02  1.9059e-02
        2.40000  8.31049e-02  2.2145e-02
        2.45000  8.92055e-02  1.6624e-02
        2.50000  8.68672e-02  2.2829e-02
        2.55000  7.03691e-02  2.1273e-02
        2.60000  7.51872e-02  1.8406e-02
        2.65000  8.11904e-02  2.2353e-02
        2.70000  7.49056e-02  2.2871e-02
        2.75000  8.07154e-02  1.4034e-02
        2.80000  6.63438e-02  1.7480e-02
        2.85000  6.99021e-02  1.8119e-02
        2.90000  7.38381e-02  1.6629e-02
        2.95000  6.73094e-02  2.0108e-02
        3.00000  8.30636e-02  1.3665e-02
        3.05000  6.12789e-02  1.7671e-02
        3.10000  5.76791e-02  1.7362e-02
        3.15000  6.01667e-02  1.8475e-02
        3.20000  7.45024e-02  2.1810e-02
        3.25000  6.97919e-02  1.6262e-02
        3.30000  6.67202e-02  1.6904e-02
        3.35000  6.36294e-02  1.9260e-02
        3.40000  5.75528e-02  2.3509e-02
        3.45000  4.46970e-02  2.2799e-02
        3.50000  6.39294e-02  1.8258e-02
        3.55000  6.72354e-02  1.7145e-02
        3.60000  6.78892e-02  1.5519e-02
        3.65000  6.47980e-02  1.6437e-02
        3.70000  6.97355e-02  1.9687e-02
        3.75000  5.54769e-02  1.8042e-02
        3.80000  6.94977e-02  1.5170e-02
        3.85000  7.87398e-02  1.3982e-02
        3.90000  6.64943e-02  1.6252e-02
        3.95000  7.32981e-02  1.4705e-02
        4.00000  3.73650e-02  1.9270e-02
        4.05000  6.59986e-02  2.0345e-02
        4.10000  4.30341e-02  1.3669e-02
        4.15000  5.60450e-02  9.9274e-03
        4.20000  6.26576e-02  1.2923e-02
        4.25000  5.12845e-02  1.2670e-02
        4.30000  4.53262e-02  1.6010e-02
        4.35000  3.44470e-02  2.1615e-02
        4.40000  3.99288e-02  1.7915e-02
        4.45000  6.91481e-02  1.3165e-02
        4.50000  5.67827e-02  1.6897e-02
        4.55000  5.58725e-02  1.7056e-02
        4.60000  5.64188e-02  1.2589e-02
        4.65000  5.91530e-02  1.6206e-02
        4.70000  5.61711e-02  1.3020e-02
        4.75000  5.02708e-02  1.6816e-02
        4.80000  5.38048e-02  1.8355e-02
