  209    1    2    0    0    0    0  206
20In,350K,2.5A (53626)
 1.0000  13.088  2.5133    0.000   1.0 0
                  0.0000  4.0000  0.0000
       -5.45000 -5.36548e-03  2.2418e-02
       -5.40000 -1.76714e-02  1.9318e-02
       -5.35000 -5.02586e-03  1.4538e-02
       -5.30000  4.85856e-03  1.7015e-02
       -5.25000  1.09798e-02  2.2461e-02
       -5.20000  7.23289e-04  1.0930e-02
       -5.15000  2.31832e-03  8.9350e-03
       -5.10000  9.18983e-03  1.1957e-02
       -5.05000  5.00831e-03  1.9344e-02
       -5.00000  1.53301e-02  1.2382e-02
       -4.95000  2.10290e-02  1.0079e-02
       -4.90000  2.30920e-02  8.8019e-03
       -4.85000 -1.85383e-03  2.1124e-02
       -4.80000 -1.25827e-03  1.3363e-02
       -4.75000  5.37079e-03  1.1236e-02
       -4.70000  1.37581e-02  1.2603e-02
       -4.65000  1.90415e-02  1.6392e-02
       -4.60000  1.31024e-02  9.8297e-03
       -4.55000  7.06081e-03  8.0834e-03
       -4.50000  4.56761e-03  8.5177e-03
       -4.45000  1.22770e-02  1.1159e-02
       -4.40000  8.17495e-03  8.6006e-03
       -4.35000  1.01729e-02  8.2859e-03
       -4.30000  8.80371e-03  8.7495e-03
       -4.25000  8.42729e-03  9.4224e-03
       -4.20000  2.05285e-02  1.4497e-02
       -4.15000  3.13131e-02  1.0100e-02
       -4.10000  1.48968e-02  6.0999e-03
       -4.05000  4.31565e-03  5.2825e-03
       -4.00000  1.18913e-02  9.6172e-03
       -3.95000  5.90281e-03  1.2472e-02
       -3.90000 -2.18894e-03  1.2274e-02
       -3.85000  4.35344e-03  6.5359e-03
       -3.80000  7.56104e-03  5.5050e-03
       -3.75000  3.96723e-03  8.9511e-03
       -3.70000 -1.01458e-03  1.7303e-02
       -3.65000 -4.94526e-04  1.1792e-02
       -3.60000  1.07792e-02  5.2097e-03
       -3.55000  1.67027e-02  4.5457e-03
       -3.50000  1.70829e-02  6.6427e-03
       -3.45000  1.32010e-02  1.0401e-02
       -3.40000  1.19224e-02  1.3632e-02
       -3.35000  2.29751e-02  1.3718e-02
       -3.30000  1.40492e-02  1.2920e-02
       -3.25000  1.83873e-02  1.0182e-02
       -3.20000  1.48138e-02  8.4602e-03
       -3.15000  1.07961e-02  7.3800e-03
       -3.10000  8.37092e-03  7.2991e-03
       -3.05000  8.03328e-03  1.2921e-02
       -3.00000  1.38960e-02  9.2663e-03
       -2.95000  2.04421e-02  1.5345e-02
       -2.90000  7.31555e-03  1.8508e-02
       -2.85000  1.71444e-02  1.0060e-02
       -2.80000  2.71903e-03  8.9379e-03
       -2.75000  1.10793e-02  1.1702e-02
       -2.70000  1.16851e-02  1.2509e-02
       -2.65000  1.24477e-02  1.2659e-02
       -2.60000  2.45291e-02  1.3249e-02
       -2.55000  6.63605e-03  1.0663e-02
       -2.50000  1.00044e-02  1.3175e-02
       -2.45000  8.96449e-03  1.6812e-02
       -2.40000  1.36799e-02  1.7445e-02
       -2.35000 -9.82129e-03  1.9317e-02
       -2.30000  1.32156e-03  1.0350e-02
       -2.25000  2.98386e-03  8.8006e-03
       -2.20000  1.40570e-02  1.3537e-02
       -2.15000  1.26722e-02  1.5563e-02
       -2.10000  2.75854e-02  1.1269e-02
       -2.05000  3.84637e-02  8.7714e-03
       -2.00000  4.34130e-02  1.3835e-02
       -1.95000  2.59604e-02  1.2194e-02
       -1.90000  1.04007e-02  1.2483e-02
       -1.85000  9.33811e-03  1.3585e-02
       -1.80000  1.88439e-02  1.0760e-02
       -1.75000  3.25295e-02  1.6123e-02
       -1.70000  2.63520e-02  1.6417e-02
       -1.65000  2.85236e-02  1.4712e-02
       -1.60000  1.99689e-02  1.5492e-02
       -1.55000  3.15643e-02  1.0892e-02
       -1.50000  4.64360e-02  1.4767e-02
       -1.45000  4.02412e-02  1.6367e-02
       -1.40000  3.38590e-02  1.8421e-02
       -1.35000  2.61058e-02  1.5662e-02
       -1.30000  3.22193e-02  1.6263e-02
       -1.25000  2.18709e-02  1.3740e-02
       -1.20000  4.82949e-02  1.3001e-02
       -1.15000  3.35250e-02  2.2556e-02
       -1.10000  3.69874e-02  1.8464e-02
       -1.05000  4.17629e-02  2.1069e-02
       -1.00000  3.27579e-02  1.4557e-02
       -0.95000  5.46213e-02  1.6196e-02
       -0.90000  4.72488e-02  1.7380e-02
       -0.85000  8.27147e-02  1.9207e-02
       -0.80000  2.93075e-02  1.9923e-02
       -0.75000  1.43507e-02  1.7600e-02
       -0.70000  5.40673e-02  2.0985e-02
       -0.65000  4.26278e-02  2.5657e-02
       -0.60000  9.91608e-02  3.4146e-02
       -0.55000  1.70057e-01  4.0372e-02
       -0.50000  4.62922e-01  5.3857e-02
       -0.45000  1.07359e+00  7.7841e-02
       -0.40000  1.89294e+00  1.0597e-01
       -0.35000  3.33601e+00  1.4772e-01
       -0.30000  5.54598e+00  2.0459e-01
       -0.25000  7.51025e+00  2.3854e-01
       -0.20000  9.54781e+00  2.3639e-01
       -0.15000  1.21268e+01  2.4975e-01
       -0.10000  1.40331e+01  2.8252e-01
       -0.05000  1.58881e+01  3.3263e-01
        0.00000  1.60019e+01  3.4305e-01
        0.05000  1.51760e+01  3.1371e-01
        0.10000  1.43619e+01  2.7694e-01
        0.15000  1.22098e+01  2.7100e-01
        0.20000  9.52266e+00  2.6621e-01
        0.25000  6.96603e+00  2.2500e-01
        0.30000  5.01526e+00  1.6470e-01
        0.35000  3.09019e+00  1.3415e-01
        0.40000  1.43822e+00  1.1639e-01
        0.45000  8.43012e-01  8.3659e-02
        0.50000  6.14088e-01  6.4905e-02
        0.55000  4.20318e-01  5.4451e-02
        0.60000  1.91125e-01  5.6579e-02
        0.65000  1.69364e-01  4.4181e-02
        0.70000  1.08527e-01  4.5966e-02
        0.75000  1.20560e-01  3.9922e-02
        0.80000  5.90191e-02  3.8344e-02
        0.85000  1.38931e-01  3.1318e-02
        0.90000  4.01121e-02  3.4679e-02
        0.95000  7.13769e-02  4.1335e-02
        1.00000  1.10496e-01  3.3584e-02
        1.05000  4.24433e-02  3.3054e-02
        1.10000  4.32440e-02  3.2192e-02
        1.15000  5.70959e-02  3.3557e-02
        1.20000  3.82139e-02  3.0073e-02
        1.25000  6.82043e-02  3.0064e-02
        1.30000  5.34753e-02  2.9428e-02
        1.35000  2.37553e-02  3.1261e-02
        1.40000  2.58138e-02  3.0134e-02
        1.45000  7.18662e-02  2.9612e-02
        1.50000  1.94874e-02  2.9596e-02
        1.55000  7.22533e-02  3.0985e-02
        1.60000  4.55440e-02  3.1059e-02
        1.65000  2.78122e-02  2.6375e-02
        1.70000  5.25122e-02  2.9536e-02
        1.75000  6.09363e-02  2.7372e-02
        1.80000  8.55337e-02  3.1481e-02
        1.85000  1.73718e-02  2.6844e-02
        1.90000  3.04632e-02  2.9055e-02
        1.95000  6.65887e-02  2.4480e-02
        2.00000  4.02774e-02  2.9952e-02
        2.05000  4.11120e-02  1.4896e-02
        2.10000  6.96156e-02  2.4582e-02
        2.15000  6.01054e-02  2.0434e-02
        2.20000 -7.33704e-03  1.8812e-02
        2.25000  4.39726e-02  1.8202e-02
        2.30000  5.09766e-02  1.6816e-02
        2.35000  4.88848e-02  1.7074e-02
        2.40000  3.86713e-02  1.8631e-02
        2.45000  2.24545e-02  1.6173e-02
        2.50000  2.77361e-02  2.3529e-02
        2.55000 -7.22952e-03  2.2623e-02
        2.60000 -2.05195e-03  1.2690e-02
        2.65000  5.27976e-03  1.5716e-02
        2.70000 -3.33428e-03  1.0944e-02
        2.75000  2.42244e-02  2.4671e-02
        2.80000  1.76612e-02  1.8375e-02
        2.85000  2.30911e-02  1.7303e-02
        2.90000 -7.28221e-03  2.2300e-02
        2.95000 -6.58413e-03  1.6034e-02
        3.00000  1.17824e-02  1.3626e-02
        3.05000  1.41544e-02  1.6312e-02
        3.10000 -7.28165e-03  2.0717e-02
        3.15000 -4.53691e-04  1.9734e-02
        3.20000  3.87359e-02  1.7371e-02
        3.25000  1.56339e-02  1.3528e-02
        3.30000  3.94927e-03  1.5388e-02
        3.35000  7.03634e-03  1.7952e-02
        3.40000  1.70935e-02  1.8467e-02
        3.45000  9.56137e-03  2.1675e-02
        3.50000  3.18533e-02  1.8694e-02
        3.55000  2.75323e-02  1.9167e-02
        3.60000  3.01859e-02  1.8117e-02
        3.65000 -1.32744e-03  1.9192e-02
        3.70000  9.54431e-03  2.0281e-02
        3.75000  6.33095e-03  1.0684e-02
        3.80000  2.14071e-02  1.2642e-02
        3.85000  1.60357e-02  1.7568e-02
        3.90000  3.95254e-02  1.9051e-02
        3.95000 -1.17438e-04  7.3451e-03
        4.00000  3.34066e-03  1.2754e-02
        4.05000  1.35180e-02  1.5618e-02
        4.10000  1.18481e-02  1.1463e-02
        4.15000  3.08817e-02  1.7924e-02
        4.20000  5.31812e-03  2.3931e-02
        4.25000  1.68095e-02  2.0843e-02
        4.30000  3.87183e-02  1.4849e-02
        4.35000  1.24108e-02  1.7491e-02
        4.40000 -4.71532e-05  1.5509e-02
        4.45000  1.55529e-02  1.6594e-02
        4.50000  3.61169e-02  2.0966e-02
        4.55000 -4.50678e-04  1.8214e-02
        4.60000 -1.32734e-02  8.2451e-03
        4.65000  5.15722e-04  2.2269e-02
        4.70000  4.18952e-03  2.8242e-02
        4.75000 -5.63643e-03  1.8066e-02
        4.80000  7.07053e-03  2.3849e-02
  209    1    2    0    0    0    0  206
20In,350K,2.5A (53626)
 2.0000  13.088  2.5133    0.000   1.0 0
                  0.0000  4.0000  0.0000
       -5.45000 -1.14736e-02  1.5886e-02
       -5.40000 -1.40131e-02  8.8411e-03
       -5.35000  8.80019e-03  7.5270e-03
       -5.30000  2.48986e-02  9.9427e-03
       -5.25000  1.37722e-02  7.3708e-03
       -5.20000  1.36222e-02  7.8334e-03
       -5.15000  1.50742e-02  6.3617e-03
       -5.10000  1.99543e-02  7.3285e-03
       -5.05000  1.04717e-02  1.1479e-02
       -5.00000 -4.91183e-03  9.9957e-03
       -4.95000 -5.30124e-03  1.0383e-02
       -4.90000  3.22569e-03  1.6607e-02
       -4.85000  1.66050e-02  9.9930e-03
       -4.80000  2.20594e-02  1.0271e-02
       -4.75000  1.58413e-02  9.0607e-03
       -4.70000  4.29134e-03  8.5793e-03
       -4.65000  1.41224e-02  1.0070e-02
       -4.60000  7.03693e-03  9.3836e-03
       -4.55000  7.47125e-03  1.0065e-02
       -4.50000  1.27632e-02  1.3062e-02
       -4.45000  2.43101e-02  8.2855e-03
       -4.40000  3.92247e-03  1.2266e-02
       -4.35000  4.16623e-03  7.9286e-03
       -4.30000  1.19439e-02  7.6951e-03
       -4.25000  1.92739e-02  1.1553e-02
       -4.20000  1.44691e-02  8.6797e-03
       -4.15000 -1.09296e-02  7.4683e-03
       -4.10000 -1.09341e-02  8.9701e-03
       -4.05000 -2.98624e-03  1.0670e-02
       -4.00000  6.15467e-03  1.3020e-02
       -3.95000  2.19079e-02  1.3217e-02
       -3.90000  1.37174e-02  9.8673e-03
       -3.85000  1.63032e-02  6.6550e-03
       -3.80000  1.37364e-02  5.7715e-03
       -3.75000  1.22378e-02  5.9098e-03
       -3.70000  2.55992e-02  1.8670e-02
       -3.65000  9.00293e-03  1.8198e-02
       -3.60000  9.06232e-03  1.5049e-02
       -3.55000  1.19158e-02  1.3643e-02
       -3.50000  8.06195e-03  1.1668e-02
       -3.45000 -2.05153e-03  7.7632e-03
       -3.40000 -9.29518e-03  8.1297e-03
       -3.35000  8.50983e-03  1.3922e-02
       -3.30000  2.26335e-02  1.5628e-02
       -3.25000  1.66241e-02  1.6852e-02
       -3.20000  5.85300e-03  1.0459e-02
       -3.15000  1.11130e-02  8.7574e-03
       -3.10000  2.08646e-02  1.2495e-02
       -3.05000  1.53077e-02  1.3905e-02
       -3.00000 -2.79108e-03  2.0524e-02
       -2.95000  6.22158e-03  2.0271e-02
       -2.90000  1.33175e-02  1.1416e-02
       -2.85000  2.08938e-02  2.1222e-02
       -2.80000  2.37855e-02  1.4240e-02
       -2.75000  1.94209e-03  1.0819e-02
       -2.70000  7.58744e-03  1.5613e-02
       -2.65000  2.23504e-02  1.8702e-02
       -2.60000  1.51209e-02  1.3304e-02
       -2.55000  8.41295e-03  1.2709e-02
       -2.50000 -5.00098e-04  1.7674e-02
       -2.45000  9.44465e-03  4.3660e-03
       -2.40000  4.19504e-02  3.0198e-02
       -2.35000  1.70346e-02  2.5280e-02
       -2.30000  2.28198e-02  2.0258e-02
       -2.25000  2.53184e-02  1.6201e-02
       -2.20000  3.23227e-02  2.1541e-02
       -2.15000  4.17624e-02  1.2446e-02
       -2.10000  2.36746e-02  1.5936e-02
       -2.05000  2.18659e-02  1.8616e-02
       -2.00000  2.43185e-02  1.4378e-02
       -1.95000  7.67054e-03  1.9369e-02
       -1.90000  5.82206e-03  1.5667e-02
       -1.85000  5.79268e-03  1.3724e-02
       -1.80000  2.03272e-02  1.8462e-02
       -1.75000  1.27285e-02  1.6818e-02
       -1.70000  1.02173e-02  1.6727e-02
       -1.65000  1.02130e-02  2.4703e-02
       -1.60000  3.95409e-03  2.3011e-02
       -1.55000  2.16665e-02  2.0811e-02
       -1.50000  2.50587e-02  1.9600e-02
       -1.45000  1.41817e-02  1.8062e-02
       -1.40000  7.90206e-03  2.8215e-02
       -1.35000  1.51695e-02  2.3459e-02
       -1.30000  7.96690e-02  3.3089e-02
       -1.25000  3.96146e-02  2.1618e-02
       -1.20000  2.30853e-02  3.2948e-02
       -1.15000  2.49937e-02  3.3426e-02
       -1.10000  2.05717e-02  3.3292e-02
       -1.05000  3.43967e-02  3.9845e-02
       -1.00000  3.68174e-02  4.2681e-02
       -0.95000  2.30739e-02  3.0032e-02
       -0.90000  2.91291e-02  3.3981e-02
       -0.85000  3.39533e-02  3.6805e-02
       -0.80000  5.33475e-02  3.7725e-02
       -0.75000  6.04893e-02  3.3049e-02
       -0.70000  5.68401e-02  4.8473e-02
       -0.65000  9.18012e-02  3.8402e-02
       -0.60000  7.21564e-02  5.9977e-02
       -0.55000  2.30731e-01  7.3071e-02
       -0.50000  5.40242e-01  8.5295e-02
       -0.45000  1.07600e+00  1.1332e-01
       -0.40000  1.96931e+00  1.5675e-01
       -0.35000  3.25539e+00  2.2271e-01
       -0.30000  5.10560e+00  3.0070e-01
       -0.25000  7.48474e+00  3.3255e-01
       -0.20000  9.56800e+00  3.3766e-01
       -0.15000  1.16459e+01  3.5955e-01
       -0.10000  1.38517e+01  4.0502e-01
       -0.05000  1.47316e+01  4.5621e-01
        0.00000  1.56831e+01  4.9037e-01
        0.05000  1.50484e+01  4.2861e-01
        0.10000  1.42999e+01  3.7674e-01
        0.15000  1.21804e+01  3.5951e-01
        0.20000  9.69826e+00  3.5794e-01
        0.25000  6.89857e+00  3.1811e-01
        0.30000  4.74221e+00  2.2983e-01
        0.35000  3.01620e+00  1.8578e-01
        0.40000  1.65329e+00  1.6051e-01
        0.45000  9.19637e-01  1.2306e-01
        0.50000  5.28772e-01  9.2067e-02
        0.55000  3.83773e-01  8.9993e-02
        0.60000  2.33704e-01  7.8573e-02
        0.65000  1.73087e-01  8.2041e-02
        0.70000  1.49925e-01  7.4242e-02
        0.75000  5.65623e-02  7.7298e-02
        0.80000  9.01009e-02  7.2947e-02
        0.85000  1.10305e-01  6.2411e-02
        0.90000  3.38618e-02  7.6004e-02
        0.95000  1.00503e-01  6.2837e-02
        1.00000  6.95573e-02  4.9703e-02
        1.05000  5.38851e-02  4.7383e-02
        1.10000  7.15798e-02  5.1267e-02
        1.15000  6.35084e-02  5.4587e-02
        1.20000  1.22714e-01  5.4601e-02
        1.25000  6.56950e-02  4.9894e-02
        1.30000  6.31886e-02  4.9972e-02
        1.35000  4.37326e-02  3.7152e-02
        1.40000  2.36845e-02  5.0293e-02
        1.45000  1.41957e-02  5.3787e-02
        1.50000  2.40426e-02  4.8490e-02
        1.55000  8.65634e-02  4.7408e-02
        1.60000  8.95334e-02  3.7954e-02
        1.65000  5.43121e-02  3.8382e-02
        1.70000  5.38958e-02  4.5105e-02
        1.75000  2.70857e-02  5.1789e-02
        1.80000  4.42784e-02  5.4962e-02
        1.85000  2.76196e-02  6.2319e-02
        1.90000  7.89896e-03  4.7862e-02
        1.95000  2.27615e-02  3.7153e-02
        2.00000  6.21401e-02  5.5047e-02
        2.05000 -5.34713e-04  4.2738e-02
        2.10000  4.26332e-02  4.3836e-02
        2.15000  2.14138e-02  3.2148e-02
        2.20000  4.36157e-02  1.9309e-02
        2.25000  1.45637e-02  2.4383e-02
        2.30000  2.24131e-02  3.1895e-02
        2.35000  4.13042e-02  3.2788e-02
        2.40000  2.89437e-02  2.9489e-02
        2.45000  2.98024e-02  2.7499e-02
        2.50000  1.35299e-02  2.7137e-02
        2.55000 -1.13921e-03  2.7883e-02
        2.60000  1.06207e-05  2.8935e-02
        2.65000  1.45930e-02  2.2238e-02
        2.70000  2.74962e-02  3.4063e-02
        2.75000  3.07097e-02  4.2234e-02
        2.80000  2.67634e-02  2.6493e-02
        2.85000  1.42256e-03  3.7566e-02
        2.90000 -2.15761e-02  5.5853e-02
        2.95000  7.56338e-03  2.4144e-02
        3.00000  2.74807e-02  2.7719e-02
        3.05000  3.41034e-02  2.7871e-02
        3.10000  9.88704e-03  3.7153e-02
        3.15000  1.76617e-02  3.9510e-02
        3.20000  1.86217e-03  3.1241e-02
        3.25000  6.64951e-02  1.7309e-02
        3.30000  2.47534e-02  2.5972e-02
        3.35000 -7.34964e-03  3.1798e-02
        3.40000  1.26486e-03  1.5137e-02
        3.45000  1.46106e-02  4.5794e-02
        3.50000  1.28569e-02  3.6978e-02
        3.55000  2.88311e-02  2.5577e-02
        3.60000  1.10079e-02  3.3020e-02
        3.65000  1.14844e-02  3.1343e-02
        3.70000 -8.43844e-03  1.8044e-02
        3.75000  2.92818e-02  3.0997e-02
        3.80000  5.70039e-03  2.5114e-02
        3.85000  2.33916e-02  2.0329e-02
        3.90000  8.90854e-03  1.1040e-02
        3.95000  2.60942e-03  2.2830e-02
        4.00000 -2.46106e-02  1.6914e-02
        4.05000  2.53924e-02  1.8046e-02
        4.10000  1.55258e-03  3.3739e-02
        4.15000  1.60680e-02  2.1159e-02
        4.20000 -7.06107e-03  2.6669e-02
        4.25000  3.57778e-03  2.5519e-02
        4.30000  1.22537e-02  2.0803e-02
        4.35000 -1.77443e-03  1.6173e-02
        4.40000  1.76604e-02  1.8506e-02
        4.45000  1.27502e-02  2.0924e-02
        4.50000 -9.47646e-03  2.6259e-02
        4.55000 -5.14054e-03  9.4344e-03
        4.60000  1.66214e-02  2.0902e-02
        4.65000  1.39433e-02  1.8325e-02
        4.70000  1.73489e-03  2.1646e-02
        4.75000  2.03506e-02  1.6169e-02
        4.80000  1.95418e-03  1.9523e-02
  209    1    2    0    0    0    0  206
20In,350K,2.5A (53626)
 3.0000  13.088  2.5133    0.000   1.0 0
                  0.0000  4.0000  0.0000
       -5.45000  2.18621e-02  7.4575e-03
       -5.40000  1.22176e-02  1.2464e-02
       -5.35000  1.40552e-02  1.3140e-02
       -5.30000  1.77852e-02  1.7676e-02
       -5.25000  2.45113e-02  8.3463e-03
       -5.20000  3.02593e-02  1.4133e-02
       -5.15000  2.63928e-02  1.2918e-02
       -5.10000  2.09073e-02  1.7904e-02
       -5.05000  2.05858e-02  1.6414e-02
       -5.00000  2.36245e-02  1.2917e-02
       -4.95000  2.38025e-02  1.2700e-02
       -4.90000  1.84390e-02  1.8614e-02
       -4.85000  1.09407e-02  2.4381e-02
       -4.80000  1.92289e-02  1.6926e-02
       -4.75000  1.79792e-02  1.4976e-02
       -4.70000  1.48463e-02  1.5869e-02
       -4.65000  2.78906e-02  4.3113e-03
       -4.60000  3.34904e-02  1.0936e-02
       -4.55000  2.15039e-02  1.2446e-02
       -4.50000  4.97236e-03  1.7715e-02
       -4.45000  6.26681e-04  1.5103e-02
       -4.40000  2.62364e-02  2.5061e-02
       -4.35000  1.92185e-02  1.4887e-02
       -4.30000  7.08613e-03  1.1514e-02
       -4.25000  1.29456e-04  8.1391e-03
       -4.20000  1.29319e-02  1.4690e-02
       -4.15000  4.20788e-03  1.3802e-02
       -4.10000 -4.90335e-03  1.2030e-02
       -4.05000 -7.15939e-03  1.2211e-02
       -4.00000  1.60753e-03  1.2347e-02
       -3.95000  3.20544e-02  1.3745e-02
       -3.90000  3.57203e-02  8.0877e-03
       -3.85000  2.54536e-02  1.0348e-02
       -3.80000  1.10402e-02  9.5767e-03
       -3.75000 -3.77037e-03  9.5640e-03
       -3.70000 -2.04098e-02  1.7865e-02
       -3.65000 -1.43855e-03  8.9578e-03
       -3.60000  4.79780e-03  1.4983e-02
       -3.55000  1.11235e-02  1.2512e-02
       -3.50000  1.35958e-02  1.1127e-02
       -3.45000  1.26258e-02  1.0879e-02
       -3.40000  1.20406e-02  1.7432e-02
       -3.35000  2.65696e-02  1.0825e-02
       -3.30000  3.09897e-02  1.2339e-02
       -3.25000  2.32457e-02  1.2125e-02
       -3.20000  2.47186e-02  7.7206e-03
       -3.15000  1.73449e-02  7.7820e-03
       -3.10000  5.90823e-03  1.2131e-02
       -3.05000  1.29949e-02  1.7233e-02
       -3.00000  2.93930e-02  1.6713e-02
       -2.95000  2.38859e-02  1.3599e-02
       -2.90000  8.03802e-03  1.1840e-02
       -2.85000  1.27820e-02  1.3119e-02
       -2.80000  1.17260e-02  1.1003e-02
       -2.75000  1.79337e-02  1.0308e-02
       -2.70000  2.15588e-02  1.4289e-02
       -2.65000  1.09091e-02  1.5667e-02
       -2.60000  6.13541e-03  7.5790e-03
       -2.55000  2.25351e-02  1.4112e-02
       -2.50000  2.12736e-02  1.8848e-02
       -2.45000  2.29648e-02  1.0430e-02
       -2.40000  7.71420e-03  2.0255e-02
       -2.35000  2.08017e-03  1.5205e-02
       -2.30000  2.13854e-02  1.6944e-02
       -2.25000 -4.76392e-04  1.5803e-02
       -2.20000  9.85181e-03  1.5735e-02
       -2.15000  1.91500e-02  1.6991e-02
       -2.10000  2.66728e-02  7.7886e-03
       -2.05000  3.01303e-02  1.3593e-02
       -2.00000  1.48754e-02  1.5033e-02
       -1.95000  1.11287e-02  1.6181e-02
       -1.90000  5.68301e-03  1.0862e-02
       -1.85000  1.27348e-02  1.8593e-02
       -1.80000  2.21632e-02  1.3951e-02
       -1.75000  2.34130e-02  1.6074e-02
       -1.70000  1.83872e-02  1.5336e-02
       -1.65000  3.16558e-02  1.0411e-02
       -1.60000  4.18757e-02  1.3243e-02
       -1.55000  3.10103e-02  1.6965e-02
       -1.50000  1.23581e-02  1.6656e-02
       -1.45000  2.36735e-02  1.8411e-02
       -1.40000  2.51899e-02  1.4080e-02
       -1.35000  1.86023e-02  1.5372e-02
       -1.30000  1.71956e-02  2.3342e-02
       -1.25000  4.22922e-02  2.1945e-02
       -1.20000  1.75727e-02  2.2367e-02
       -1.15000 -4.25966e-03  1.9867e-02
       -1.10000  2.26969e-02  1.8868e-02
       -1.05000  4.02688e-02  2.2153e-02
       -1.00000  5.90653e-02  1.4682e-02
       -0.95000  6.10501e-02  1.5608e-02
       -0.90000  7.20891e-02  1.7521e-02
       -0.85000  5.91922e-02  1.7069e-02
       -0.80000  3.51210e-02  1.7339e-02
       -0.75000  1.97429e-02  2.1601e-02
       -0.70000  4.36804e-02  1.8940e-02
       -0.65000  5.45446e-02  2.6713e-02
       -0.60000  8.22110e-02  3.3608e-02
       -0.55000  2.09456e-01  3.7965e-02
       -0.50000  5.12363e-01  5.1562e-02
       -0.45000  1.00474e+00  7.5525e-02
       -0.40000  1.88079e+00  1.1080e-01
       -0.35000  3.09020e+00  1.6188e-01
       -0.30000  5.13785e+00  2.1863e-01
       -0.25000  7.32699e+00  2.4655e-01
       -0.20000  9.77186e+00  2.5016e-01
       -0.15000  1.13347e+01  2.6559e-01
       -0.10000  1.38080e+01  2.9988e-01
       -0.05000  1.56011e+01  3.5601e-01
        0.00000  1.57082e+01  3.7380e-01
        0.05000  1.52327e+01  3.3023e-01
        0.10000  1.36730e+01  2.9469e-01
        0.15000  1.22943e+01  2.9272e-01
        0.20000  1.01854e+01  2.9391e-01
        0.25000  7.37041e+00  2.5916e-01
        0.30000  5.30787e+00  1.9016e-01
        0.35000  3.22105e+00  1.5035e-01
        0.40000  1.77444e+00  1.3846e-01
        0.45000  9.87895e-01  1.0419e-01
        0.50000  4.82835e-01  7.2030e-02
        0.55000  2.91366e-01  6.1715e-02
        0.60000  2.08552e-01  4.8866e-02
        0.65000  2.58948e-01  4.6009e-02
        0.70000  2.18368e-01  4.3634e-02
        0.75000  1.54838e-01  4.8889e-02
        0.80000  1.13299e-01  4.6150e-02
        0.85000  7.76288e-02  4.0784e-02
        0.90000  1.32422e-01  4.7304e-02
        0.95000  5.24378e-02  3.6962e-02
        1.00000  2.35463e-02  3.0067e-02
        1.05000  6.55733e-02  3.9996e-02
        1.10000  5.29126e-02  3.3218e-02
        1.15000  4.62549e-02  3.3831e-02
        1.20000  5.83001e-02  1.8275e-02
        1.25000  6.97725e-02  2.9518e-02
        1.30000  2.63591e-02  3.1664e-02
        1.35000  6.84467e-02  2.6995e-02
        1.40000  5.67954e-02  2.8577e-02
        1.45000  4.30285e-02  2.9776e-02
        1.50000  4.64924e-02  2.8569e-02
        1.55000  5.07845e-02  3.5754e-02
        1.60000  1.97814e-02  2.4727e-02
        1.65000  3.09877e-02  4.4091e-02
        1.70000  2.21337e-02  2.5637e-02
        1.75000  4.07581e-02  2.6558e-02
        1.80000  6.21367e-02  2.5134e-02
        1.85000  1.59753e-02  2.3061e-02
        1.90000  7.08716e-03  3.1272e-02
        1.95000  5.44331e-02  3.1927e-02
        2.00000  4.66602e-02  2.0262e-02
        2.05000  1.90416e-02  2.8741e-02
        2.10000  2.60156e-02  2.2144e-02
        2.15000  9.44758e-02  2.1668e-02
        2.20000  3.34114e-02  2.0046e-02
        2.25000  1.17823e-02  2.4782e-02
        2.30000 -3.87313e-03  1.9564e-02
        2.35000 -7.14530e-03  2.0294e-02
        2.40000  1.89656e-02  1.7804e-02
        2.45000  2.68372e-02  1.9678e-02
        2.50000  5.20432e-03  2.3641e-02
        2.55000  7.23177e-03  1.6280e-02
        2.60000  2.11160e-02  1.5649e-02
        2.65000  3.52933e-02  1.8631e-02
        2.70000  2.04092e-02  1.3500e-02
        2.75000  1.54209e-02  2.0737e-02
        2.80000  1.08304e-02  2.2564e-02
        2.85000  3.70004e-02  1.4170e-02
        2.90000 -3.09930e-03  1.7079e-02
        2.95000  1.32763e-02  1.2217e-02
        3.00000  3.34462e-02  1.3885e-02
        3.05000  4.53332e-03  2.2463e-02
        3.10000  3.02162e-02  1.5363e-02
        3.15000  5.06887e-02  2.2556e-02
        3.20000  5.01864e-02  1.7426e-02
        3.25000  1.19685e-02  2.0784e-02
        3.30000  2.65842e-02  2.4571e-02
        3.35000  1.87977e-03  1.9530e-02
        3.40000  2.24193e-02  1.5270e-02
        3.45000  1.04839e-02  1.7811e-02
        3.50000  6.30013e-03  2.2314e-02
        3.55000  4.31713e-03  2.0043e-02
        3.60000  1.81338e-02  1.8773e-02
        3.65000 -1.44857e-02  1.5541e-02
        3.70000  2.15805e-02  1.8853e-02
        3.75000  2.52420e-02  2.0328e-02
        3.80000  2.96171e-02  2.3205e-02
        3.85000  6.79161e-03  1.8421e-02
        3.90000  1.75208e-02  1.6143e-02
        3.95000  2.75264e-02  1.8823e-02
        4.00000  3.24018e-02  2.2212e-02
        4.05000  1.91447e-02  2.2319e-02
        4.10000  3.18583e-03  1.6881e-02
        4.15000  2.04855e-02  2.2345e-02
        4.20000  3.74238e-02  1.4743e-02
        4.25000  1.87842e-02  1.4677e-02
        4.30000  3.91367e-02  1.5758e-02
        4.35000  2.89269e-02  1.8434e-02
        4.40000  9.01037e-03  1.8534e-02
        4.45000 -2.01743e-02  1.8873e-02
        4.50000  5.10243e-02  1.8968e-02
        4.55000 -8.70990e-03  2.0153e-02
        4.60000 -9.05451e-03  1.4779e-02
        4.65000  2.39418e-02  1.7763e-02
        4.70000  7.60412e-03  2.0190e-02
        4.75000  1.96152e-02  1.1828e-02
        4.80000 -2.59440e-03  2.0028e-02
  209    1    2    0    0    0    0  206
20In,350K,2.5A (53626)
 4.0000  13.088  2.5133    0.000   1.0 0
                  0.0000  4.0000  0.0000
       -5.45000 -4.06942e-03  6.5698e-03
       -5.40000  6.95522e-03  1.3958e-02
       -5.35000  9.99469e-04  8.6324e-03
       -5.30000 -3.51546e-03  8.5235e-03
       -5.25000  4.22098e-03  1.0872e-02
       -5.20000  2.16288e-02  1.3094e-02
       -5.15000  1.61148e-02  1.0200e-02
       -5.10000  2.38692e-03  9.5646e-03
       -5.05000  6.71310e-03  0.0000e+00
       -5.00000 -9.49013e-05  1.1882e-02
       -4.95000  8.81210e-03  1.0986e-02
       -4.90000  2.56526e-02  9.6717e-03
       -4.85000  1.63675e-02  9.4081e-03
       -4.80000  1.50032e-02  9.2658e-03
       -4.75000  1.04473e-02  9.2006e-03
       -4.70000  6.18158e-03  1.2307e-02
       -4.65000  2.30072e-02  1.0195e-02
       -4.60000  3.21053e-03  6.5202e-03
       -4.55000  3.99062e-03  6.2234e-03
       -4.50000  1.18061e-02  8.4456e-03
       -4.45000  1.44974e-02  1.2819e-02
       -4.40000  6.19231e-03  1.0986e-02
       -4.35000  7.34892e-03  9.2934e-03
       -4.30000  8.48289e-03  9.9174e-03
       -4.25000  7.23068e-03  1.3638e-02
       -4.20000  1.97666e-03  1.2135e-02
       -4.15000  9.83864e-03  1.3271e-02
       -4.10000  1.34389e-02  7.9785e-03
       -4.05000  1.07144e-02  7.4231e-03
       -4.00000  5.34029e-03  1.5406e-02
       -3.95000  5.07893e-03  1.3118e-02
       -3.90000  1.54268e-02  1.4204e-02
       -3.85000  9.81649e-03  1.1542e-02
       -3.80000  9.00922e-03  1.1131e-02
       -3.75000  9.99285e-03  1.3128e-02
       -3.70000 -9.44700e-04  1.8712e-02
       -3.65000  3.01830e-02  1.4410e-02
       -3.60000  2.61640e-02  8.1983e-03
       -3.55000  1.06379e-02  8.1887e-03
       -3.50000  7.85973e-03  6.8206e-03
       -3.45000  1.68347e-02  4.0318e-03
       -3.40000  1.99570e-02  1.4798e-02
       -3.35000  2.20998e-02  1.9745e-02
       -3.30000  5.48852e-03  1.3117e-02
       -3.25000  1.54740e-02  1.5996e-02
       -3.20000  1.11446e-02  1.0529e-02
       -3.15000  1.01912e-02  1.0263e-02
       -3.10000  1.36901e-02  1.2911e-02
       -3.05000  1.31527e-02  8.7239e-03
       -3.00000  1.67138e-02  1.6306e-02
       -2.95000  2.67927e-03  7.0843e-03
       -2.90000  5.90573e-03  1.9536e-02
       -2.85000  1.82884e-02  9.2510e-03
       -2.80000  2.59438e-02  1.4367e-02
       -2.75000  1.61421e-02  1.0318e-02
       -2.70000  1.38498e-02  8.7156e-03
       -2.65000  2.06841e-02  1.0570e-02
       -2.60000  1.94863e-02  1.0918e-02
       -2.55000  1.88545e-02  7.6020e-03
       -2.50000  4.13639e-02  1.4146e-02
       -2.45000  2.82358e-02  1.9202e-02
       -2.40000  1.45805e-02  2.0016e-02
       -2.35000  2.44184e-02  1.6575e-02
       -2.30000  1.78573e-02  2.4252e-02
       -2.25000  9.54314e-03  1.4190e-02
       -2.20000  1.79650e-02  1.9328e-02
       -2.15000  2.58512e-02  1.5084e-02
       -2.10000  1.51290e-02  1.3018e-02
       -2.05000  2.31107e-02  1.3775e-02
       -2.00000  3.29727e-02  1.4245e-02
       -1.95000  3.27764e-02  1.6863e-02
       -1.90000  3.18256e-02  1.1437e-02
       -1.85000  3.46022e-02  1.1935e-02
       -1.80000  2.86799e-02  1.5491e-02
       -1.75000  1.48907e-02  1.1580e-02
       -1.70000  2.17192e-02  1.3634e-02
       -1.65000  2.20337e-02  1.6886e-02
       -1.60000  2.73023e-02  1.2301e-02
       -1.55000  3.24298e-02  1.5481e-02
       -1.50000  3.00150e-02  1.0635e-02
       -1.45000  2.17477e-02  2.1062e-02
       -1.40000  2.15597e-02  7.8424e-03
       -1.35000  3.61153e-02  2.1223e-02
       -1.30000  1.03579e-02  2.0144e-02
       -1.25000  1.88006e-02  1.9201e-02
       -1.20000  4.72840e-02  1.4873e-02
       -1.15000  2.34223e-02  2.2296e-02
       -1.10000  2.07739e-02  2.4862e-02
       -1.05000  4.23706e-02  2.0127e-02
       -1.00000  4.74123e-02  1.7839e-02
       -0.95000  5.95236e-02  1.5688e-02
       -0.90000  4.13688e-02  2.1430e-02
       -0.85000  2.75497e-02  1.7511e-02
       -0.80000  2.59890e-02  1.9684e-02
       -0.75000  6.01212e-02  2.2889e-02
       -0.70000  7.13768e-02  2.6204e-02
       -0.65000  7.30437e-02  3.4812e-02
       -0.60000  9.56635e-02  3.0606e-02
       -0.55000  2.38182e-01  3.4714e-02
       -0.50000  5.68839e-01  5.3280e-02
       -0.45000  1.10790e+00  7.5335e-02
       -0.40000  1.88261e+00  1.1209e-01
       -0.35000  3.20080e+00  1.5747e-01
       -0.30000  5.10104e+00  2.1145e-01
       -0.25000  7.52379e+00  2.4546e-01
       -0.20000  9.80180e+00  2.5324e-01
       -0.15000  1.17924e+01  2.6555e-01
       -0.10000  1.37807e+01  2.9985e-01
       -0.05000  1.48304e+01  3.5507e-01
        0.00000  1.55853e+01  3.7326e-01
        0.05000  1.52752e+01  3.3850e-01
        0.10000  1.40982e+01  3.0223e-01
        0.15000  1.23346e+01  2.9735e-01
        0.20000  9.95965e+00  2.9752e-01
        0.25000  7.06902e+00  2.5807e-01
        0.30000  4.89277e+00  1.8940e-01
        0.35000  3.06517e+00  1.5172e-01
        0.40000  1.84706e+00  1.3341e-01
        0.45000  9.57520e-01  1.0968e-01
        0.50000  5.47103e-01  7.5019e-02
        0.55000  3.64550e-01  6.4828e-02
        0.60000  2.16091e-01  6.2017e-02
        0.65000  1.56746e-01  5.0377e-02
        0.70000  1.52006e-01  4.3636e-02
        0.75000  1.46757e-01  4.2896e-02
        0.80000  1.29248e-01  3.7055e-02
        0.85000  9.33184e-02  3.4821e-02
        0.90000  9.19036e-02  4.4559e-02
        0.95000  6.86501e-02  3.9431e-02
        1.00000  1.03996e-01  3.7768e-02
        1.05000  7.35382e-02  3.6666e-02
        1.10000  6.89550e-02  2.8950e-02
        1.15000  5.76427e-02  4.5786e-02
        1.20000  6.64945e-02  2.8399e-02
        1.25000  7.71825e-02  3.4980e-02
        1.30000  5.54720e-02  3.3808e-02
        1.35000  7.30631e-02  2.9170e-02
        1.40000  2.69508e-02  2.6680e-02
        1.45000  4.40658e-02  3.1225e-02
        1.50000  3.43426e-02  2.1528e-02
        1.55000  3.26550e-02  3.0789e-02
        1.60000  2.74864e-02  3.0932e-02
        1.65000  2.63753e-02  2.7733e-02
        1.70000  1.09386e-02  2.6549e-02
        1.75000  4.01139e-02  2.5256e-02
        1.80000  5.25764e-02  2.5987e-02
        1.85000  5.25856e-02  3.0215e-02
        1.90000  4.19890e-02  3.1323e-02
        1.95000  4.93283e-02  2.6651e-02
        2.00000 -4.81447e-03  3.1524e-02
        2.05000  1.95990e-02  2.4397e-02
        2.10000  2.93287e-02  2.6608e-02
        2.15000  4.83772e-02  2.3164e-02
        2.20000  4.38158e-02  2.6857e-02
        2.25000  3.02986e-02  2.4042e-02
        2.30000  5.07142e-02  1.7644e-02
        2.35000  1.82814e-02  2.5731e-02
        2.40000  3.13368e-02  1.4623e-02
        2.45000  2.93262e-02  2.4618e-02
        2.50000  4.35890e-02  1.9661e-02
        2.55000  3.57272e-02  2.0194e-02
        2.60000  5.55638e-02  2.2309e-02
        2.65000  8.59459e-03  2.5720e-02
        2.70000  7.13138e-03  2.6400e-02
        2.75000  7.03700e-03  1.7129e-02
        2.80000  2.20444e-02  2.2023e-02
        2.85000  2.38930e-02  1.7105e-02
        2.90000  9.07596e-03  2.0494e-02
        2.95000  1.50740e-02  1.7939e-02
        3.00000  6.51158e-03  2.1663e-02
        3.05000  1.20361e-02  1.7864e-02
        3.10000  2.82747e-02  2.4987e-02
        3.15000  2.45689e-02  1.5722e-02
        3.20000  4.87794e-02  1.7955e-02
        3.25000  2.32594e-02  2.3065e-02
        3.30000  3.57850e-02  2.2493e-02
        3.35000  1.40306e-02  1.9477e-02
        3.40000  1.43286e-02  2.4536e-02
        3.45000  3.10763e-02  1.4254e-02
        3.50000  2.87778e-02  1.2377e-02
        3.55000  1.21578e-02  1.6506e-02
        3.60000  1.23164e-02  8.5850e-03
        3.65000  1.74720e-03  1.0435e-02
        3.70000  3.26618e-02  1.8971e-02
        3.75000  2.18719e-02  2.3454e-02
        3.80000  2.43035e-03  1.9130e-02
        3.85000  8.06661e-03  1.5584e-02
        3.90000  1.15319e-02  2.5439e-02
        3.95000 -1.04595e-02  2.0208e-02
        4.00000  1.69828e-03  2.1741e-02
        4.05000  1.27882e-02  2.5605e-02
        4.10000  1.41921e-02  2.6298e-02
        4.15000 -6.27544e-03  1.7586e-02
        4.20000  3.44340e-02  1.7188e-02
        4.25000  1.94589e-02  1.0595e-02
        4.30000  1.59387e-02  1.8586e-02
        4.35000  1.82870e-02  2.0365e-02
        4.40000  2.70318e-02  2.5212e-02
        4.45000  4.33661e-03  9.2168e-03
        4.50000  3.82627e-03  1.8609e-02
        4.55000  3.02376e-02  1.4520e-02
        4.60000  1.16933e-02  2.6898e-02
        4.65000  3.93966e-03  2.2309e-02
        4.70000  1.73622e-02  1.4336e-02
        4.75000  2.07643e-02  1.0930e-02
        4.80000  2.46331e-03  1.0572e-02
  209    1    2    0    0    0    0  206
20In,350K,2.5A (53626)
 5.0000  13.088  2.5133    0.000   1.0 0
                  0.0000  4.0000  0.0000
       -5.45000  2.17089e-02  5.6029e-03
       -5.40000  1.42502e-02  1.6499e-02
       -5.35000  1.52558e-02  1.0685e-02
       -5.30000  1.57448e-02  1.1361e-02
       -5.25000  1.05659e-02  1.6126e-02
       -5.20000  4.47404e-03  1.0590e-02
       -5.15000  7.16235e-03  1.0747e-02
       -5.10000  1.25408e-02  1.6902e-02
       -5.05000  1.23839e-02  1.9842e-02
       -5.00000  8.00849e-03  1.3985e-02
       -4.95000  6.23048e-03  1.1947e-02
       -4.90000  6.72665e-03  1.2203e-02
       -4.85000  2.20961e-02  1.0801e-02
       -4.80000  1.74612e-02  9.8627e-03
       -4.75000  1.58742e-02  9.4285e-03
       -4.70000  1.72970e-02  1.1599e-02
       -4.65000  2.24947e-02  1.2891e-02
       -4.60000  1.27759e-02  1.0332e-02
       -4.55000  7.68729e-03  9.4398e-03
       -4.50000  7.53826e-03  1.1186e-02
       -4.45000  1.44459e-02  5.9076e-03
       -4.40000  1.78852e-02  1.0479e-02
       -4.35000  1.79154e-02  7.7035e-03
       -4.30000  1.67501e-02  7.9370e-03
       -4.25000  1.62749e-02  1.2056e-02
       -4.20000  1.59167e-02  1.2693e-02
       -4.15000  1.13645e-02  1.3322e-02
       -4.10000  1.31982e-02  9.3974e-03
       -4.05000  1.36743e-02  7.2670e-03
       -4.00000  1.19980e-02  9.1681e-04
       -3.95000  1.20873e-02  1.5474e-03
       -3.90000  6.19995e-03  1.1192e-02
       -3.85000  1.60255e-02  1.2585e-02
       -3.80000  2.25369e-02  1.2525e-02
       -3.75000  2.49987e-02  1.2283e-02
       -3.70000  2.52017e-02  1.5150e-02
       -3.65000  1.21966e-02  1.4882e-02
       -3.60000  2.12526e-02  1.1621e-02
       -3.55000  2.24774e-02  1.1870e-02
       -3.50000  2.63628e-02  1.0886e-02
       -3.45000  2.91457e-02  8.8873e-03
       -3.40000  2.09043e-02  1.1094e-02
       -3.35000  2.56128e-02  1.3829e-02
       -3.30000  7.70828e-03  1.8406e-02
       -3.25000  1.15390e-02  1.3517e-02
       -3.20000  1.58522e-02  1.3140e-02
       -3.15000  1.57050e-02  1.4253e-02
       -3.10000  1.28495e-02  1.6060e-02
       -3.05000  1.43788e-02  1.5520e-02
       -3.00000  2.53168e-02  7.5864e-03
       -2.95000  1.36643e-02  2.3016e-02
       -2.90000  1.34354e-02  1.5624e-02
       -2.85000  5.72325e-03  1.0469e-02
       -2.80000  7.28604e-03  1.0488e-02
       -2.75000  1.69829e-02  1.4030e-02
       -2.70000  1.76712e-02  1.2737e-02
       -2.65000  1.48217e-02  1.1129e-02
       -2.60000  1.86387e-02  1.6320e-02
       -2.55000  1.85055e-02  1.3858e-02
       -2.50000  2.23988e-02  4.6560e-03
       -2.45000  3.20177e-02  1.5489e-02
       -2.40000  2.59884e-02  1.7694e-02
       -2.35000  1.97500e-02  1.4282e-02
       -2.30000  1.63417e-02  1.2036e-02
       -2.25000  2.65031e-02  1.7154e-02
       -2.20000  3.44897e-02  1.7288e-02
       -2.15000  3.66075e-02  9.0268e-03
       -2.10000  3.42746e-02  1.6827e-02
       -2.05000  2.28110e-02  1.7468e-02
       -2.00000  2.79575e-02  1.6809e-02
       -1.95000  2.23542e-02  1.5273e-02
       -1.90000  2.93989e-02  1.6723e-02
       -1.85000  1.88682e-02  1.5600e-02
       -1.80000  1.83045e-02  1.6059e-02
       -1.75000  2.26676e-02  1.6904e-02
       -1.70000  2.84246e-02  1.7966e-02
       -1.65000  2.51845e-02  1.8349e-02
       -1.60000  2.87040e-02  1.7729e-02
       -1.55000  3.29248e-02  1.7371e-02
       -1.50000  3.34165e-02  1.4280e-02
       -1.45000  2.84259e-02  1.5846e-02
       -1.40000  4.54088e-02  2.0912e-02
       -1.35000  3.01934e-02  2.1533e-02
       -1.30000  3.19597e-02  1.5033e-02
       -1.25000  5.19575e-02  1.8380e-02
       -1.20000  3.79483e-02  1.8373e-02
       -1.15000  3.54682e-02  1.6189e-02
       -1.10000  2.12700e-02  1.5585e-02
       -1.05000  6.27408e-02  2.0375e-02
       -1.00000  5.17594e-02  1.7375e-02
       -0.95000  6.09739e-02  1.5643e-02
       -0.90000  5.92633e-02  1.9646e-02
       -0.85000  6.42352e-02  1.5894e-02
       -0.80000  7.18988e-02  1.4291e-02
       -0.75000  1.07420e-01  1.6756e-02
       -0.70000  6.95365e-02  2.1217e-02
       -0.65000  1.03129e-01  3.0542e-02
       -0.60000  1.23852e-01  3.4222e-02
       -0.55000  2.64911e-01  3.7973e-02
       -0.50000  5.32190e-01  4.9699e-02
       -0.45000  1.08237e+00  6.8912e-02
       -0.40000  1.94284e+00  1.0057e-01
       -0.35000  3.17923e+00  1.4362e-01
       -0.30000  4.85528e+00  2.0448e-01
       -0.25000  6.90616e+00  2.3309e-01
       -0.20000  9.25924e+00  2.4592e-01
       -0.15000  1.13124e+01  2.5471e-01
       -0.10000  1.32022e+01  2.8460e-01
       -0.05000  1.47230e+01  3.4256e-01
        0.00000  1.50908e+01  3.5107e-01
        0.05000  1.48684e+01  3.1138e-01
        0.10000  1.34308e+01  2.7329e-01
        0.15000  1.19048e+01  2.7477e-01
        0.20000  9.75093e+00  2.7408e-01
        0.25000  6.92093e+00  2.3078e-01
        0.30000  4.81521e+00  1.8363e-01
        0.35000  3.06188e+00  1.4341e-01
        0.40000  1.73757e+00  1.2505e-01
        0.45000  9.39202e-01  9.2399e-02
        0.50000  5.50053e-01  6.3091e-02
        0.55000  3.52622e-01  5.7675e-02
        0.60000  2.85050e-01  5.3832e-02
        0.65000  1.75157e-01  4.3359e-02
        0.70000  1.68711e-01  4.5509e-02
        0.75000  1.00884e-01  4.0986e-02
        0.80000  1.32354e-01  4.5381e-02
        0.85000  1.25498e-01  4.4396e-02
        0.90000  8.96546e-02  3.8320e-02
        0.95000  5.71483e-02  3.9194e-02
        1.00000  6.31620e-02  3.7983e-02
        1.05000  1.02198e-01  3.5728e-02
        1.10000  7.38580e-02  3.0556e-02
        1.15000  9.09546e-02  3.6950e-02
        1.20000  7.83864e-02  2.8372e-02
        1.25000  5.03273e-02  3.0189e-02
        1.30000  6.63814e-02  3.8189e-02
        1.35000  4.68069e-02  3.0273e-02
        1.40000  4.54524e-02  3.1485e-02
        1.45000  6.12005e-02  3.0490e-02
        1.50000  8.09075e-02  2.6526e-02
        1.55000  4.69053e-02  2.7339e-02
        1.60000  6.53243e-02  3.2213e-02
        1.65000  3.05647e-02  3.5849e-02
        1.70000  2.69369e-02  2.4581e-02
        1.75000  4.95076e-02  2.7595e-02
        1.80000  3.13823e-02  3.6354e-02
        1.85000  2.22152e-02  3.4860e-02
        1.90000  3.77297e-02  3.3644e-02
        1.95000  1.74934e-02  2.1759e-02
        2.00000  3.13200e-02  2.5917e-02
        2.05000  3.39643e-02  2.3771e-02
        2.10000  3.95870e-02  3.1107e-02
        2.15000  3.27081e-02  1.7570e-02
        2.20000  4.71958e-02  2.0065e-02
        2.25000  3.07546e-02  2.6402e-02
        2.30000  3.17603e-02  2.2095e-02
        2.35000  3.72162e-02  1.9276e-02
        2.40000  2.93807e-02  1.9138e-02
        2.45000  3.06127e-02  1.7441e-02
        2.50000  2.58491e-02  2.0482e-02
        2.55000  1.10684e-02  2.4835e-02
        2.60000  6.72800e-03  2.3987e-02
        2.65000  2.74856e-02  2.5729e-02
        2.70000  2.56658e-02  1.2825e-02
        2.75000  2.36958e-02  1.9485e-02
        2.80000  1.99791e-02  2.5552e-02
        2.85000  1.89518e-02  2.5600e-02
        2.90000  2.63531e-02  2.5220e-02
        2.95000  3.26239e-02  1.7154e-02
        3.00000  2.19202e-02  1.1713e-02
        3.05000  2.33261e-02  1.6624e-02
        3.10000  2.84097e-02  1.8260e-02
        3.15000  2.24567e-02  2.5621e-02
        3.20000  9.97465e-03  8.6960e-03
        3.25000  2.11739e-02  1.3278e-02
        3.30000  2.96957e-02  2.7069e-02
        3.35000  2.80559e-02  1.2716e-02
        3.40000  2.87385e-02  1.6840e-02
        3.45000  4.15499e-02  2.6780e-02
        3.50000  1.82777e-02  2.3562e-02
        3.55000  4.45499e-02  3.2244e-02
        3.60000  2.21432e-02  2.5087e-02
        3.65000  3.41233e-02  2.4496e-02
        3.70000  1.69071e-02  2.5504e-02
        3.75000  1.45726e-02  2.3054e-02
        3.80000  3.01479e-02  9.3498e-03
        3.85000  1.30247e-03  2.7058e-02
        3.90000 -1.68833e-03  1.8237e-02
        3.95000  1.77787e-02  1.8686e-02
        4.00000 -9.08894e-03  1.6986e-02
        4.05000  1.18605e-02  1.4568e-02
        4.10000  1.38489e-02  9.4915e-03
        4.15000  7.96750e-03  2.4887e-02
        4.20000  2.23562e-02  2.2209e-02
        4.25000  2.17939e-02  1.3146e-02
        4.30000  3.40548e-03  2.1653e-02
        4.35000  1.51733e-02  9.8160e-03
        4.40000  2.12582e-02  2.1874e-02
        4.45000  1.82752e-02  1.9651e-02
        4.50000  1.65414e-02  2.1875e-02
        4.55000  1.98668e-02  3.0223e-02
        4.60000  2.20022e-02  1.7968e-02
        4.65000  1.46132e-02  1.9793e-02
        4.70000  1.52507e-02  2.1797e-02
        4.75000  2.18515e-02  1.4127e-02
        4.80000  5.56008e-03  1.2152e-02
  209    1    2    0    0    0    0  206
20In,350K,2.5A (53626)
 6.0000  13.088  2.5133    0.000   1.0 0
                  0.0000  4.0000  0.0000
       -5.45000  1.51428e-02  1.2652e-02
       -5.40000  1.67494e-02  1.3476e-02
       -5.35000  1.56829e-02  8.1365e-03
       -5.30000  1.65349e-02  8.2442e-03
       -5.25000  2.87868e-02  1.1638e-02
       -5.20000  1.05404e-02  1.1613e-02
       -5.15000  1.00012e-02  9.3591e-03
       -5.10000  1.58704e-02  1.0410e-02
       -5.05000  1.65900e-02  1.5431e-02
       -5.00000  1.82232e-02  1.2473e-02
       -4.95000  1.88786e-02  1.1600e-02
       -4.90000  1.81320e-02  1.4723e-02
       -4.85000  1.84054e-02  1.4589e-02
       -4.80000  2.16112e-02  1.0825e-02
       -4.75000  2.02891e-02  8.5630e-03
       -4.70000  1.66702e-02  1.4659e-03
       -4.65000  1.43056e-02  1.8303e-02
       -4.60000  1.79275e-02  7.0073e-03
       -4.55000  1.80596e-02  9.3376e-03
       -4.50000  1.95972e-02  1.4951e-02
       -4.45000  3.01813e-02  1.5898e-02
       -4.40000  1.98776e-02  1.7302e-02
       -4.35000  1.82979e-02  1.0411e-02
       -4.30000  2.05695e-02  9.6345e-03
       -4.25000  2.40317e-02  1.2899e-02
       -4.20000  5.85288e-03  1.5334e-02
       -4.15000  1.23101e-02  1.3444e-02
       -4.10000  1.11150e-02  7.8929e-03
       -4.05000  1.23526e-02  6.3461e-03
       -4.00000  2.02172e-02  1.1429e-02
       -3.95000  3.03939e-02  1.4651e-02
       -3.90000  1.49620e-02  1.4179e-02
       -3.85000  7.74706e-03  7.1058e-03
       -3.80000  1.25147e-02  4.9923e-03
       -3.75000  2.09564e-02  7.1436e-03
       -3.70000  1.86016e-02  1.3043e-02
       -3.65000  3.09866e-02  1.8778e-02
       -3.60000  1.87739e-02  1.3705e-02
       -3.55000  1.67784e-02  6.7271e-03
       -3.50000  1.58791e-02  7.5523e-03
       -3.45000  1.53125e-02  1.3130e-02
       -3.40000  1.66169e-02  1.3061e-02
       -3.35000  3.14826e-02  1.1116e-02
       -3.30000  2.33446e-02  9.6132e-03
       -3.25000  1.74902e-02  9.2280e-03
       -3.20000  1.67374e-02  1.0393e-02
       -3.15000  1.69991e-02  1.1002e-02
       -3.10000  1.91082e-02  1.1655e-02
       -3.05000  2.18809e-02  1.3473e-02
       -3.00000  2.29853e-02  1.0101e-02
       -2.95000  2.33377e-02  1.8260e-02
       -2.90000  2.04190e-02  2.0149e-02
       -2.85000  2.83836e-02  1.2618e-02
       -2.80000  1.87677e-02  1.4085e-02
       -2.75000  1.92146e-02  1.4299e-02
       -2.70000  1.81992e-02  1.3359e-02
       -2.65000  1.83440e-02  1.2927e-02
       -2.60000  2.40261e-02  1.5665e-02
       -2.55000  2.23350e-02  1.9745e-02
       -2.50000  1.52958e-02  1.1617e-02
       -2.45000  1.13511e-02  2.2356e-02
       -2.40000  1.44839e-02  1.7152e-02
       -2.35000  2.04889e-02  1.6644e-02
       -2.30000  2.77112e-02  2.5971e-02
       -2.25000  1.88263e-02  9.7030e-03
       -2.20000  1.52086e-02  1.4956e-02
       -2.15000  2.83707e-02  1.2863e-02
       -2.10000  2.69422e-02  2.0817e-02
       -2.05000  2.82674e-02  1.7234e-02
       -2.00000  2.08037e-02  1.4360e-02
       -1.95000  2.10448e-02  1.2263e-02
       -1.90000  2.19522e-02  1.3853e-02
       -1.85000  2.10530e-02  1.3511e-02
       -1.80000  3.40184e-02  9.4953e-03
       -1.75000  3.15088e-02  1.5228e-02
       -1.70000  2.32466e-02  1.5809e-02
       -1.65000  3.01548e-02  1.6293e-02
       -1.60000  2.63990e-02  1.2137e-02
       -1.55000  2.54672e-02  9.1869e-03
       -1.50000  3.15547e-02  1.1017e-02
       -1.45000  4.81752e-02  2.0446e-02
       -1.40000  4.53484e-02  1.9373e-02
       -1.35000  5.01453e-02  1.8012e-02
       -1.30000  2.58971e-02  1.8246e-02
       -1.25000  4.68100e-02  2.0639e-02
       -1.20000  5.18181e-02  2.2157e-02
       -1.15000  4.08333e-02  2.0677e-02
       -1.10000  3.50313e-02  2.6987e-02
       -1.05000  4.53141e-02  2.4378e-02
       -1.00000  5.82730e-02  1.8486e-02
       -0.95000  6.28226e-02  2.6894e-02
       -0.90000  5.89024e-02  1.9435e-02
       -0.85000  5.95611e-02  2.2225e-02
       -0.80000  6.74802e-02  2.1266e-02
       -0.75000  8.82271e-02  1.6797e-02
       -0.70000  8.31733e-02  2.3626e-02
       -0.65000  9.56709e-02  2.5376e-02
       -0.60000  1.49986e-01  4.0950e-02
       -0.55000  2.67217e-01  3.8367e-02
       -0.50000  5.24374e-01  5.7271e-02
       -0.45000  1.09839e+00  7.2322e-02
       -0.40000  1.96805e+00  1.0384e-01
       -0.35000  3.12449e+00  1.4988e-01
       -0.30000  4.74598e+00  2.0437e-01
       -0.25000  7.24894e+00  2.3098e-01
       -0.20000  9.42005e+00  2.3613e-01
       -0.15000  1.15338e+01  2.5910e-01
       -0.10000  1.31981e+01  2.9406e-01
       -0.05000  1.44240e+01  3.4252e-01
        0.00000  1.47075e+01  3.5301e-01
        0.05000  1.46025e+01  3.2342e-01
        0.10000  1.32987e+01  2.8258e-01
        0.15000  1.19136e+01  2.6878e-01
        0.20000  9.62191e+00  2.7025e-01
        0.25000  6.87936e+00  2.2886e-01
        0.30000  4.77731e+00  1.7077e-01
        0.35000  3.00948e+00  1.3728e-01
        0.40000  1.82585e+00  1.1036e-01
        0.45000  9.22499e-01  8.9815e-02
        0.50000  5.14576e-01  6.9878e-02
        0.55000  3.33993e-01  6.0148e-02
        0.60000  2.58022e-01  4.9690e-02
        0.65000  2.11982e-01  4.6653e-02
        0.70000  1.62195e-01  4.0310e-02
        0.75000  1.16010e-01  4.5558e-02
        0.80000  1.34548e-01  3.8485e-02
        0.85000  1.25485e-01  3.2196e-02
        0.90000  1.09050e-01  3.0536e-02
        0.95000  1.03991e-01  3.8986e-02
        1.00000  6.22090e-02  3.6799e-02
        1.05000  4.82449e-02  4.2336e-02
        1.10000  7.44274e-02  4.0710e-02
        1.15000  8.16117e-02  2.8119e-02
        1.20000  4.64489e-02  4.0506e-02
        1.25000  3.38062e-02  3.4669e-02
        1.30000  4.02253e-02  4.2564e-02
        1.35000  2.91254e-02  3.1392e-02
        1.40000  4.57043e-02  3.8023e-02
        1.45000  4.06868e-02  3.5939e-02
        1.50000  5.56960e-02  4.0516e-02
        1.55000  3.61525e-02  2.5906e-02
        1.60000  2.45784e-02  2.8379e-02
        1.65000  5.41402e-02  3.0550e-02
        1.70000  6.21436e-02  2.8533e-02
        1.75000  3.36458e-02  2.5582e-02
        1.80000  1.59045e-02  3.2455e-02
        1.85000  3.43524e-02  2.8121e-02
        1.90000  5.74115e-02  2.4286e-02
        1.95000  4.11152e-02  1.9963e-02
        2.00000  2.53853e-02  2.8164e-02
        2.05000  2.84558e-02  2.9563e-02
        2.10000  4.39224e-02  1.7799e-02
        2.15000  1.80273e-02  3.0314e-02
        2.20000  1.83337e-02  2.0948e-02
        2.25000  2.79124e-02  3.4192e-02
        2.30000  4.66978e-02  2.0240e-02
        2.35000  2.53776e-02  2.3734e-02
        2.40000  4.90108e-02  2.7410e-02
        2.45000  2.95644e-02  1.9921e-02
        2.50000  2.49943e-02  2.1752e-02
        2.55000  2.84443e-02  1.8922e-02
        2.60000  4.97465e-02  2.3949e-02
        2.65000  5.17109e-03  2.4877e-02
        2.70000  2.83435e-02  2.1621e-02
        2.75000  3.12414e-02  2.1565e-02
        2.80000  1.23900e-02  2.2395e-02
        2.85000  2.06854e-02  2.1725e-02
        2.90000  2.24935e-02  2.7196e-02
        2.95000  4.41798e-03  1.9847e-02
        3.00000  3.33034e-02  1.9118e-02
        3.05000  3.03157e-02  1.5572e-02
        3.10000  3.29127e-02  2.9253e-02
        3.15000  3.38079e-02  1.6034e-02
        3.20000  3.63945e-02  1.4999e-02
        3.25000  2.33890e-02  1.5765e-02
        3.30000  3.97148e-02  1.9137e-02
        3.35000  1.25827e-02  1.8564e-02
        3.40000  2.06134e-02  2.6326e-02
        3.45000  1.56898e-02  2.7695e-02
        3.50000  1.19498e-02  2.4357e-02
        3.55000  2.33729e-02  2.2322e-02
        3.60000  3.84376e-03  1.4607e-02
        3.65000  2.23848e-02  2.3023e-02
        3.70000  1.51024e-02  1.8147e-02
        3.75000  2.34042e-02  2.5114e-02
        3.80000  2.93165e-02  2.8552e-02
        3.85000  2.52928e-02  2.5190e-02
        3.90000  2.32567e-02  1.9068e-02
        3.95000  2.16482e-02  2.7604e-02
        4.00000  1.69122e-02  2.1385e-02
        4.05000  2.68469e-03  2.2649e-02
        4.10000  3.40961e-02  1.1172e-02
        4.15000  3.19283e-02  1.4272e-02
        4.20000  7.68689e-03  1.6986e-02
        4.25000  1.48486e-03  1.3635e-02
        4.30000  3.05801e-02  1.5336e-02
        4.35000  6.68829e-03  1.3198e-02
        4.40000  1.70185e-02  2.0760e-02
        4.45000  1.83806e-02  1.6449e-02
        4.50000  2.94100e-02  8.8324e-03
        4.55000  1.54403e-02  1.6876e-02
        4.60000  1.53475e-02  2.1412e-02
        4.65000  1.84130e-02  2.3345e-02
        4.70000  1.84064e-02  2.6774e-02
        4.75000  3.33638e-03  2.1864e-02
        4.80000  4.69592e-03  1.0341e-02
  209    1    2    0    0    0    0  206
20In,350K,2.5A (53626)
 7.0000  13.088  2.5133    0.000   1.0 0
                  0.0000  4.0000  0.0000
       -5.45000  2.24683e-02  1.4333e-02
       -5.40000  9.51739e-03  6.3031e-03
       -5.35000  1.28054e-02  8.2365e-03
       -5.30000  1.85314e-02  1.1423e-02
       -5.25000  2.68727e-02  1.0501e-02
       -5.20000  2.18811e-02  9.8906e-03
       -5.15000  2.00263e-02  9.7191e-03
       -5.10000  1.80386e-02  1.4609e-02
       -5.05000  2.01476e-02  1.4406e-02
       -5.00000  2.00529e-02  9.0694e-03
       -4.95000  2.66054e-02  9.1071e-03
       -4.90000  3.62713e-02  1.2189e-02
       -4.85000  2.32962e-02  1.4758e-02
       -4.80000  2.34101e-02  1.1242e-02
       -4.75000  2.14197e-02  1.0217e-02
       -4.70000  1.77536e-02  1.2264e-02
       -4.65000  1.58034e-02  1.5857e-02
       -4.60000  1.54463e-02  1.2368e-02
       -4.55000  1.74943e-02  1.1945e-02
       -4.50000  1.97364e-02  1.5003e-02
       -4.45000  2.26467e-02  1.1543e-02
       -4.40000  2.34948e-02  1.4824e-02
       -4.35000  1.96743e-02  1.2221e-02
       -4.30000  1.91017e-02  1.2208e-02
       -4.25000  2.39407e-02  1.3252e-02
       -4.20000  2.09298e-02  1.2026e-02
       -4.15000  2.01839e-02  9.9138e-03
       -4.10000  2.87147e-02  1.0543e-02
       -4.05000  2.56584e-02  1.2899e-02
       -4.00000  6.99464e-03  1.8556e-02
       -3.95000  1.72405e-02  1.3508e-02
       -3.90000  2.78550e-02  8.4508e-03
       -3.85000  2.39415e-02  7.1238e-03
       -3.80000  2.16226e-02  6.2137e-03
       -3.75000  2.28649e-02  4.0633e-03
       -3.70000  1.92624e-02  1.1988e-02
       -3.65000  1.44015e-02  1.1396e-02
       -3.60000  1.92244e-02  8.9707e-03
       -3.55000  2.30044e-02  8.9011e-03
       -3.50000  2.37193e-02  9.4883e-03
       -3.45000  2.44931e-02  1.1173e-02
       -3.40000  2.73645e-02  1.7225e-02
       -3.35000  1.80628e-02  1.3286e-02
       -3.30000  1.15691e-02  1.5051e-02
       -3.25000  2.16569e-02  1.2060e-02
       -3.20000  1.82283e-02  1.0244e-02
       -3.15000  1.37364e-02  9.2466e-03
       -3.10000  1.50146e-02  1.0100e-02
       -3.05000  1.87490e-02  1.2905e-02
       -3.00000  2.56442e-02  1.9969e-02
       -2.95000  1.98489e-02  1.7441e-02
       -2.90000  1.86272e-02  1.5978e-02
       -2.85000  1.48253e-02  6.9994e-03
       -2.80000  3.04148e-02  1.0460e-02
       -2.75000  2.68346e-02  1.1426e-02
       -2.70000  2.14642e-02  1.2352e-02
       -2.65000  2.98313e-02  1.4074e-02
       -2.60000  3.41795e-02  1.5551e-02
       -2.55000  2.92233e-02  1.2056e-02
       -2.50000  2.07388e-02  7.5570e-03
       -2.45000  1.97703e-02  1.3290e-02
       -2.40000  1.99923e-02  4.0638e-03
       -2.35000  2.68253e-02  1.4912e-02
       -2.30000  2.20299e-02  1.7759e-02
       -2.25000  3.53872e-02  1.8061e-02
       -2.20000  3.10160e-02  1.8601e-02
       -2.15000  2.82275e-02  1.3171e-02
       -2.10000  3.91829e-02  1.0529e-02
       -2.05000  3.58668e-02  1.0542e-02
       -2.00000  4.20545e-02  1.5185e-02
       -1.95000  3.91393e-02  1.4033e-02
       -1.90000  3.37369e-02  1.4262e-02
       -1.85000  3.15945e-02  1.3592e-02
       -1.80000  3.90442e-02  1.4577e-02
       -1.75000  4.67356e-02  1.2221e-02
       -1.70000  4.03842e-02  1.1943e-02
       -1.65000  4.56705e-02  1.4831e-02
       -1.60000  3.77391e-02  1.5842e-02
       -1.55000  2.20096e-02  1.4031e-02
       -1.50000  4.03791e-02  1.5003e-02
       -1.45000  4.88313e-02  9.7311e-03
       -1.40000  4.59796e-02  2.3053e-02
       -1.35000  4.65341e-02  1.6738e-02
       -1.30000  5.07590e-02  9.0150e-03
       -1.25000  4.94821e-02  1.7035e-02
       -1.20000  5.54091e-02  2.3326e-02
       -1.15000  4.33689e-02  2.1393e-02
       -1.10000  3.34296e-02  2.5804e-02
       -1.05000  6.08716e-02  2.2366e-02
       -1.00000  6.81795e-02  1.5331e-02
       -0.95000  7.17890e-02  1.4637e-02
       -0.90000  1.02999e-01  2.1576e-02
       -0.85000  9.73393e-02  2.0386e-02
       -0.80000  8.44138e-02  1.5878e-02
       -0.75000  8.09219e-02  1.8043e-02
       -0.70000  1.25767e-01  2.5017e-02
       -0.65000  1.29750e-01  3.0027e-02
       -0.60000  1.54819e-01  2.9798e-02
       -0.55000  2.52824e-01  3.8804e-02
       -0.50000  5.39218e-01  5.0168e-02
       -0.45000  1.06755e+00  7.0244e-02
       -0.40000  1.96910e+00  9.6194e-02
       -0.35000  3.16523e+00  1.2944e-01
       -0.30000  4.94444e+00  1.7929e-01
       -0.25000  6.97185e+00  2.0961e-01
       -0.20000  9.30870e+00  2.0604e-01
       -0.15000  1.14268e+01  2.2037e-01
       -0.10000  1.29195e+01  2.5333e-01
       -0.05000  1.41636e+01  2.9738e-01
        0.00000  1.45589e+01  3.1758e-01
        0.05000  1.44358e+01  2.8325e-01
        0.10000  1.33244e+01  2.5158e-01
        0.15000  1.16142e+01  2.4029e-01
        0.20000  9.42862e+00  2.2944e-01
        0.25000  7.16375e+00  1.9966e-01
        0.30000  4.96496e+00  1.4904e-01
        0.35000  3.19748e+00  1.2533e-01
        0.40000  1.86451e+00  1.0870e-01
        0.45000  9.84454e-01  8.4603e-02
        0.50000  5.88241e-01  6.1267e-02
        0.55000  3.43864e-01  4.7600e-02
        0.60000  2.64870e-01  4.9302e-02
        0.65000  2.00253e-01  3.5862e-02
        0.70000  1.95976e-01  3.4904e-02
        0.75000  1.85899e-01  4.7488e-02
        0.80000  1.96426e-01  4.4257e-02
        0.85000  1.52115e-01  3.4076e-02
        0.90000  1.09866e-01  3.6178e-02
        0.95000  1.02722e-01  3.3333e-02
        1.00000  9.26707e-02  3.0824e-02
        1.05000  7.88719e-02  3.6171e-02
        1.10000  7.95455e-02  3.3966e-02
        1.15000  5.82009e-02  2.7302e-02
        1.20000  7.64760e-02  3.0138e-02
        1.25000  5.75211e-02  2.3520e-02
        1.30000  5.00128e-02  3.4014e-02
        1.35000  5.68027e-02  2.4286e-02
        1.40000  6.05086e-02  1.7789e-02
        1.45000  4.96904e-02  2.8198e-02
        1.50000  5.89046e-02  2.9244e-02
        1.55000  6.49998e-02  3.2474e-02
        1.60000  4.35170e-02  2.7418e-02
        1.65000  5.27777e-02  2.9448e-02
        1.70000  4.48242e-02  2.5096e-02
        1.75000  2.97350e-02  2.5609e-02
        1.80000  4.36734e-02  2.3374e-02
        1.85000  5.91126e-02  2.3565e-02
        1.90000  3.35867e-02  3.0612e-02
        1.95000  3.11282e-02  2.2546e-02
        2.00000  3.95127e-02  2.7192e-02
        2.05000  3.95397e-02  2.3847e-02
        2.10000  4.25599e-02  2.9032e-02
        2.15000  5.19500e-02  2.1607e-02
        2.20000  4.53241e-02  1.8745e-02
        2.25000  3.91011e-02  2.2648e-02
        2.30000  4.30063e-02  2.1215e-02
        2.35000  3.49489e-02  2.1814e-02
        2.40000  5.27040e-02  2.1625e-02
        2.45000  3.59166e-02  2.1239e-02
        2.50000  2.68118e-02  3.0412e-02
        2.55000  3.06884e-02  2.1715e-02
        2.60000  1.62289e-02  1.8953e-02
        2.65000  2.30193e-02  2.0153e-02
        2.70000  4.72598e-02  2.2256e-02
        2.75000  3.72715e-02  2.5211e-02
        2.80000  3.40634e-02  2.4938e-02
        2.85000  9.06583e-03  1.3500e-02
        2.90000  1.78125e-02  2.1926e-02
        2.95000  3.42673e-02  2.1049e-02
        3.00000  2.10627e-02  2.1864e-02
        3.05000  2.81426e-02  2.3378e-02
        3.10000  4.37211e-02  1.7320e-02
        3.15000  3.53523e-02  1.8894e-02
        3.20000  3.93603e-02  1.6981e-02
        3.25000  2.54023e-02  1.2744e-02
        3.30000  2.77707e-02  1.8997e-02
        3.35000  1.09750e-02  2.5126e-02
        3.40000  2.53055e-02  2.0580e-02
        3.45000  2.26171e-02  1.5350e-02
        3.50000  3.34749e-02  2.4806e-02
        3.55000  2.52496e-02  1.7337e-02
        3.60000  7.94250e-03  1.4923e-02
        3.65000  1.36225e-02  1.2591e-02
        3.70000  4.18859e-02  1.6638e-02
        3.75000  3.81438e-02  1.4125e-02
        3.80000  2.86318e-02  2.7026e-02
        3.85000  1.92675e-02  1.8541e-02
        3.90000  6.89699e-02  1.9311e-02
        3.95000  3.42716e-02  2.4558e-03
        4.00000  3.06678e-02  2.4954e-02
        4.05000  1.66672e-02  1.8088e-02
        4.10000  2.39107e-02  2.2618e-02
        4.15000  4.43344e-02  1.4270e-02
        4.20000  3.94916e-02  1.7898e-02
        4.25000  3.73963e-02  1.6072e-02
        4.30000  5.16277e-03  1.7723e-02
        4.35000  1.88120e-02  2.9003e-02
        4.40000  2.91035e-02  1.1455e-02
        4.45000  3.23143e-02  1.4391e-02
        4.50000  2.44214e-02  1.6428e-02
        4.55000  1.12499e-02  8.3195e-03
        4.60000  1.76830e-03  2.5363e-02
        4.65000  2.19172e-02  2.4658e-02
        4.70000  1.93284e-02  1.9452e-02
        4.75000  4.56182e-02  2.1124e-02
        4.80000  3.27058e-02  2.0757e-02
  209    1    2    0    0    0    0  206
20In,350K,2.5A (53626)
 8.0000  13.088  2.5133    0.000   1.0 0
                  0.0000  4.0000  0.0000
       -5.45000  3.65778e-02  1.1487e-02
       -5.40000  1.92832e-02  1.0174e-02
       -5.35000  2.03268e-02  1.0529e-02
       -5.30000  2.34623e-02  1.4365e-02
       -5.25000  2.95276e-02  1.1508e-02
       -5.20000  3.78315e-02  1.0982e-02
       -5.15000  3.84875e-02  8.6988e-03
       -5.10000  3.48317e-02  7.5662e-03
       -5.05000  2.10256e-02  1.5588e-02
       -5.00000  3.10239e-02  1.2195e-02
       -4.95000  2.96445e-02  1.0502e-02
       -4.90000  2.18858e-02  9.1760e-03
       -4.85000  2.32865e-02  1.0243e-02
       -4.80000  2.30889e-02  1.0383e-02
       -4.75000  2.78520e-02  1.0004e-02
       -4.70000  3.47247e-02  1.3234e-02
       -4.65000  2.61158e-02  1.6933e-02
       -4.60000  2.03391e-02  1.4838e-02
       -4.55000  2.50617e-02  1.1736e-02
       -4.50000  3.00339e-02  1.1796e-02
       -4.45000  2.17913e-02  8.6109e-03
       -4.40000  2.55345e-02  1.4403e-02
       -4.35000  2.72893e-02  1.1486e-02
       -4.30000  2.64120e-02  1.0660e-02
       -4.25000  1.97919e-02  7.9322e-03
       -4.20000  2.81720e-02  1.0068e-02
       -4.15000  3.96251e-02  8.3825e-03
       -4.10000  3.92208e-02  9.3990e-03
       -4.05000  3.51802e-02  1.0157e-02
       -4.00000  3.04277e-02  7.6048e-03
       -3.95000  1.65207e-02  1.0266e-02
       -3.90000  2.45044e-02  1.5162e-02
       -3.85000  2.19699e-02  8.5435e-03
       -3.80000  2.18618e-02  7.7924e-03
       -3.75000  2.58700e-02  1.0755e-02
       -3.70000  3.00964e-02  1.0447e-02
       -3.65000  3.60821e-02  1.5361e-02
       -3.60000  3.73068e-02  1.6985e-02
       -3.55000  3.86576e-02  1.4046e-02
       -3.50000  3.29060e-02  1.1530e-02
       -3.45000  2.81990e-02  7.3015e-03
       -3.40000  3.68971e-02  1.4342e-02
       -3.35000  2.39552e-02  1.0836e-02
       -3.30000  2.56291e-02  1.6540e-02
       -3.25000  2.51359e-02  1.3077e-02
       -3.20000  1.82252e-02  1.2550e-02
       -3.15000  2.56465e-02  1.0995e-02
       -3.10000  3.53636e-02  8.6628e-03
       -3.05000  3.07337e-02  5.0502e-03
       -3.00000  2.84030e-02  1.2370e-02
       -2.95000  2.09715e-02  1.1693e-02
       -2.90000  2.78966e-02  1.5406e-02
       -2.85000  3.45942e-02  1.1047e-02
       -2.80000  3.79949e-02  1.3385e-02
       -2.75000  3.39787e-02  1.1061e-02
       -2.70000  3.35605e-02  1.0627e-02
       -2.65000  3.49621e-02  1.1641e-02
       -2.60000  3.08141e-02  1.1080e-02
       -2.55000  3.26993e-02  1.0787e-02
       -2.50000  3.66236e-02  1.2194e-02
       -2.45000  2.96487e-02  1.6634e-02
       -2.40000  3.90760e-02  1.8562e-02
       -2.35000  3.53377e-02  1.4663e-02
       -2.30000  4.66220e-02  1.8459e-02
       -2.25000  4.14940e-02  2.0093e-02
       -2.20000  3.31566e-02  1.5879e-02
       -2.15000  3.86727e-02  1.8020e-02
       -2.10000  4.61697e-02  1.8749e-02
       -2.05000  4.59840e-02  1.5915e-02
       -2.00000  3.49740e-02  1.6747e-02
       -1.95000  3.51203e-02  1.5348e-02
       -1.90000  3.05210e-02  1.3165e-02
       -1.85000  3.15605e-02  1.1220e-02
       -1.80000  3.69983e-02  1.1212e-02
       -1.75000  4.65846e-02  1.2039e-02
       -1.70000  3.80333e-02  1.1845e-02
       -1.65000  3.95729e-02  1.2123e-02
       -1.60000  5.17346e-02  1.4352e-02
       -1.55000  4.61073e-02  1.7895e-02
       -1.50000  3.75422e-02  1.5614e-02
       -1.45000  5.67051e-02  9.2177e-03
       -1.40000  5.91406e-02  1.3320e-02
       -1.35000  5.60948e-02  1.8069e-02
       -1.30000  6.20489e-02  1.5508e-02
       -1.25000  6.02621e-02  1.4710e-02
       -1.20000  5.00812e-02  2.0860e-02
       -1.15000  4.79400e-02  2.1606e-02
       -1.10000  7.79155e-02  1.4719e-02
       -1.05000  6.18665e-02  1.7627e-02
       -1.00000  6.28780e-02  1.4150e-02
       -0.95000  6.66775e-02  1.2485e-02
       -0.90000  8.35977e-02  1.2732e-02
       -0.85000  8.78336e-02  1.4083e-02
       -0.80000  7.79678e-02  1.5866e-02
       -0.75000  1.04213e-01  1.8547e-02
       -0.70000  1.17902e-01  2.6436e-02
       -0.65000  1.37936e-01  2.3344e-02
       -0.60000  1.96175e-01  3.7825e-02
       -0.55000  2.75057e-01  3.0817e-02
       -0.50000  4.95747e-01  3.9808e-02
       -0.45000  9.97490e-01  5.7966e-02
       -0.40000  1.75507e+00  8.8806e-02
       -0.35000  2.89010e+00  1.2260e-01
       -0.30000  4.30547e+00  1.5213e-01
       -0.25000  6.45603e+00  1.8270e-01
       -0.20000  8.23187e+00  1.8454e-01
       -0.15000  1.01926e+01  1.9443e-01
       -0.10000  1.18370e+01  2.1911e-01
       -0.05000  1.29892e+01  2.5646e-01
        0.00000  1.36708e+01  2.7173e-01
        0.05000  1.32443e+01  2.5715e-01
        0.10000  1.24429e+01  2.3391e-01
        0.15000  1.09369e+01  2.2985e-01
        0.20000  8.95819e+00  2.2536e-01
        0.25000  6.54314e+00  1.9456e-01
        0.30000  4.70815e+00  1.5057e-01
        0.35000  3.08657e+00  1.2107e-01
        0.40000  1.77083e+00  9.9469e-02
        0.45000  9.96194e-01  7.3889e-02
        0.50000  6.04221e-01  5.8068e-02
        0.55000  3.96332e-01  5.2825e-02
        0.60000  2.43738e-01  4.8632e-02
        0.65000  2.15135e-01  3.9759e-02
        0.70000  1.66912e-01  3.4520e-02
        0.75000  1.84711e-01  4.1385e-02
        0.80000  1.50166e-01  3.6588e-02
        0.85000  1.36221e-01  3.8382e-02
        0.90000  1.08208e-01  3.6471e-02
        0.95000  1.16804e-01  3.9590e-02
        1.00000  1.05043e-01  3.2055e-02
        1.05000  1.01844e-01  4.1212e-02
        1.10000  1.07994e-01  3.5656e-02
        1.15000  7.76682e-02  4.5409e-02
        1.20000  1.10245e-01  4.1174e-02
        1.25000  9.19014e-02  3.7600e-02
        1.30000  1.06260e-01  4.1430e-02
        1.35000  7.58573e-02  3.4343e-02
        1.40000  8.47797e-02  3.7873e-02
        1.45000  8.77568e-02  3.2998e-02
        1.50000  1.07949e-01  3.4462e-02
        1.55000  6.28586e-02  2.8322e-02
        1.60000  5.03562e-02  2.7931e-02
        1.65000  5.87943e-02  2.7437e-02
        1.70000  7.76337e-02  2.7678e-02
        1.75000  5.81882e-02  2.4577e-02
        1.80000  5.45924e-02  2.6682e-02
        1.85000  6.37087e-02  2.2798e-02
        1.90000  5.18447e-02  2.5692e-02
        1.95000  5.23844e-02  2.4724e-02
        2.00000  3.64438e-02  1.9882e-02
        2.05000  4.84822e-02  1.8533e-02
        2.10000  4.93054e-02  1.3862e-02
        2.15000  8.04651e-02  2.0699e-02
        2.20000  4.55078e-02  2.2019e-02
        2.25000  5.20090e-02  2.1061e-02
        2.30000  3.31583e-02  1.8634e-02
        2.35000  3.71385e-02  1.6122e-02
        2.40000  2.74138e-02  1.9717e-02
        2.45000  3.59841e-02  1.8337e-02
        2.50000  5.44359e-02  1.5127e-02
        2.55000  2.92230e-02  1.7882e-02
        2.60000  4.15894e-02  1.7817e-02
        2.65000  4.78148e-02  1.0603e-02
        2.70000  3.34223e-02  1.9644e-02
        2.75000  5.26706e-02  1.8012e-02
        2.80000  4.39809e-02  1.3447e-02
        2.85000  3.20882e-02  2.0932e-02
        2.90000  3.48047e-02  2.0099e-02
        2.95000  4.43941e-02  1.7863e-02
        3.00000  1.95240e-02  1.9742e-02
        3.05000  2.73019e-02  2.0305e-02
        3.10000  5.37561e-02  1.9213e-02
        3.15000  3.63940e-02  1.3457e-02
        3.20000  2.83276e-02  1.1296e-02
        3.25000  5.01462e-02  1.2768e-02
        3.30000  2.72064e-02  1.3173e-02
        3.35000  2.36494e-02  1.2102e-02
        3.40000  4.45781e-02  1.0932e-02
        3.45000  3.67591e-02  1.7782e-02
        3.50000  4.00999e-02  1.2437e-02
        3.55000  2.98018e-02  2.0480e-02
        3.60000  2.66748e-02  1.4069e-02
        3.65000  2.77571e-02  1.1374e-02
        3.70000  3.13607e-02  2.1713e-02
        3.75000  4.60468e-02  1.8072e-02
        3.80000  2.69640e-02  1.5700e-02
        3.85000  3.36789e-02  1.7270e-02
        3.90000  2.13591e-02  1.2813e-02
        3.95000  2.24345e-02  1.6612e-02
        4.00000  3.42571e-02  1.4075e-02
        4.05000  3.63647e-02  1.7469e-02
        4.10000  4.76871e-02  1.4502e-02
        4.15000  5.40210e-02  1.1514e-02
        4.20000  2.27869e-02  1.9787e-02
        4.25000  1.63815e-02  1.5212e-02
        4.30000  2.69228e-02  1.4426e-02
        4.35000  3.29854e-02  1.6224e-02
        4.40000  2.52348e-02  1.4357e-02
        4.45000  2.94295e-02  1.1570e-02
        4.50000  2.99078e-02  1.6972e-02
        4.55000  3.73959e-02  1.4980e-02
        4.60000  1.61856e-02  1.6972e-02
        4.65000  9.90428e-03  1.3081e-02
        4.70000  4.04713e-02  1.4736e-02
        4.75000  3.96094e-02  8.6440e-03
        4.80000  2.48225e-02  1.2184e-02
  209    1    2    0    0    0    0  206
20In,350K,2.5A (53626)
 9.0000  13.088  2.5133    0.000   1.0 0
                  0.0000  4.0000  0.0000
       -5.45000  2.86553e-02  1.1773e-02
       -5.40000  3.47136e-02  7.9977e-03
       -5.35000  3.27101e-02  6.2983e-03
       -5.30000  2.92545e-02  7.6992e-03
       -5.25000  2.49553e-02  8.4960e-03
       -5.20000  1.55864e-02  7.8228e-03
       -5.15000  1.64696e-02  6.9066e-03
       -5.10000  1.87743e-02  9.4005e-03
       -5.05000  1.86295e-02  1.3297e-02
       -5.00000  3.19959e-02  7.7160e-03
       -4.95000  3.46637e-02  7.0527e-03
       -4.90000  3.41263e-02  9.8793e-03
       -4.85000  3.42591e-02  1.4361e-02
       -4.80000  2.82364e-02  8.7388e-03
       -4.75000  2.81169e-02  6.5623e-03
       -4.70000  3.12922e-02  5.9780e-03
       -4.65000  3.94101e-02  9.8167e-03
       -4.60000  3.25592e-02  1.1228e-02
       -4.55000  3.21405e-02  7.6457e-03
       -4.50000  3.16316e-02  3.3034e-03
       -4.45000  2.52630e-02  1.1446e-02
       -4.40000  2.85365e-02  1.4651e-02
       -4.35000  2.40120e-02  9.1665e-03
       -4.30000  2.65715e-02  8.9341e-03
       -4.25000  3.80219e-02  1.3884e-02
       -4.20000  3.74122e-02  9.6455e-03
       -4.15000  3.13013e-02  8.8321e-03
       -4.10000  3.04918e-02  7.0949e-03
       -4.05000  2.80762e-02  7.1816e-03
       -4.00000  2.46131e-02  8.6466e-03
       -3.95000  4.25795e-02  9.5397e-03
       -3.90000  3.68385e-02  7.5519e-03
       -3.85000  2.94984e-02  8.4723e-03
       -3.80000  3.44381e-02  8.2176e-03
       -3.75000  4.06567e-02  8.5874e-03
       -3.70000  2.44783e-02  1.0078e-02
       -3.65000  2.65292e-02  9.3937e-03
       -3.60000  2.87107e-02  1.1585e-02
       -3.55000  3.12584e-02  7.8060e-03
       -3.50000  3.15844e-02  7.9620e-03
       -3.45000  2.62881e-02  1.0625e-02
       -3.40000  1.59012e-02  1.0055e-02
       -3.35000  3.13300e-02  1.0803e-02
       -3.30000  3.80253e-02  1.4716e-02
       -3.25000  3.84514e-02  8.1843e-03
       -3.20000  3.03028e-02  8.2388e-03
       -3.15000  3.08885e-02  6.8520e-03
       -3.10000  4.00060e-02  4.5218e-03
       -3.05000  4.15964e-02  9.7693e-03
       -3.00000  3.77705e-02  1.3904e-02
       -2.95000  3.77062e-02  1.8676e-02
       -2.90000  3.27423e-02  1.4337e-02
       -2.85000  3.06966e-02  8.5071e-03
       -2.80000  3.36522e-02  8.6662e-03
       -2.75000  3.38338e-02  9.1620e-03
       -2.70000  3.72522e-02  9.6020e-03
       -2.65000  3.42480e-02  1.0674e-02
       -2.60000  3.13347e-02  1.1247e-02
       -2.55000  3.43693e-02  1.0264e-02
       -2.50000  2.32154e-02  1.1209e-02
       -2.45000  3.04433e-02  1.2482e-02
       -2.40000  4.57789e-02  1.5402e-02
       -2.35000  3.44224e-02  6.7576e-03
       -2.30000  3.28422e-02  1.3928e-02
       -2.25000  2.57514e-02  1.5131e-02
       -2.20000  2.40988e-02  9.2794e-03
       -2.15000  3.10640e-02  1.1966e-02
       -2.10000  2.65995e-02  1.0126e-02
       -2.05000  3.21929e-02  1.1865e-02
       -2.00000  3.13511e-02  1.0608e-02
       -1.95000  2.45116e-02  1.0289e-02
       -1.90000  3.23132e-02  7.8131e-03
       -1.85000  4.66527e-02  1.1255e-02
       -1.80000  3.87773e-02  1.1090e-02
       -1.75000  4.17308e-02  1.1999e-02
       -1.70000  4.44761e-02  1.2017e-02
       -1.65000  3.00382e-02  9.6807e-03
       -1.60000  4.13666e-02  1.1054e-02
       -1.55000  5.01469e-02  1.1657e-02
       -1.50000  6.33121e-02  1.3609e-02
       -1.45000  6.40433e-02  9.8378e-03
       -1.40000  5.86293e-02  1.2145e-02
       -1.35000  6.24162e-02  1.4378e-02
       -1.30000  5.59933e-02  1.3225e-02
       -1.25000  6.48178e-02  1.5869e-02
       -1.20000  5.42733e-02  1.9117e-02
       -1.15000  5.52459e-02  1.2503e-02
       -1.10000  8.66286e-02  1.3442e-02
       -1.05000  8.66151e-02  1.6358e-02
       -1.00000  8.10310e-02  1.8017e-02
       -0.95000  1.05639e-01  1.7145e-02
       -0.90000  7.74305e-02  1.7384e-02
       -0.85000  8.95896e-02  1.3956e-02
       -0.80000  1.06700e-01  1.7906e-02
       -0.75000  1.05333e-01  1.9333e-02
       -0.70000  1.05694e-01  2.2962e-02
       -0.65000  1.23687e-01  2.6089e-02
       -0.60000  1.64226e-01  3.1231e-02
       -0.55000  2.72693e-01  3.2654e-02
       -0.50000  5.62600e-01  3.9278e-02
       -0.45000  9.71590e-01  5.5583e-02
       -0.40000  1.65112e+00  8.1216e-02
       -0.35000  2.67416e+00  1.1676e-01
       -0.30000  4.32530e+00  1.5691e-01
       -0.25000  6.08183e+00  1.7574e-01
       -0.20000  8.13939e+00  1.8254e-01
       -0.15000  9.90670e+00  1.9948e-01
       -0.10000  1.14717e+01  2.2155e-01
       -0.05000  1.27180e+01  2.5557e-01
        0.00000  1.32105e+01  2.7916e-01
        0.05000  1.27491e+01  2.5477e-01
        0.10000  1.20107e+01  2.1864e-01
        0.15000  1.05235e+01  2.1953e-01
        0.20000  8.56449e+00  2.1977e-01
        0.25000  6.53512e+00  1.8862e-01
        0.30000  4.68339e+00  1.3847e-01
        0.35000  3.06708e+00  1.1142e-01
        0.40000  1.80011e+00  1.0210e-01
        0.45000  1.02522e+00  7.7944e-02
        0.50000  5.76516e-01  4.9609e-02
        0.55000  3.73281e-01  4.4505e-02
        0.60000  2.82774e-01  5.0245e-02
        0.65000  2.11787e-01  3.8488e-02
        0.70000  1.84234e-01  3.9805e-02
        0.75000  1.73273e-01  2.6206e-02
        0.80000  1.49956e-01  2.9845e-02
        0.85000  1.46438e-01  2.8515e-02
        0.90000  1.17225e-01  3.4998e-02
        0.95000  1.20246e-01  2.5081e-02
        1.00000  1.19282e-01  2.5316e-02
        1.05000  9.29409e-02  2.6065e-02
        1.10000  9.21939e-02  2.5667e-02
        1.15000  1.24502e-01  2.5856e-02
        1.20000  9.05519e-02  2.8694e-02
        1.25000  8.89255e-02  2.5678e-02
        1.30000  1.10631e-01  2.7309e-02
        1.35000  9.26347e-02  2.2426e-02
        1.40000  7.59567e-02  2.8468e-02
        1.45000  7.45691e-02  2.7247e-02
        1.50000  7.08647e-02  2.5668e-02
        1.55000  8.51546e-02  2.3003e-02
        1.60000  5.49071e-02  2.5302e-02
        1.65000  6.21068e-02  2.4593e-02
        1.70000  4.60090e-02  3.0502e-02
        1.75000  3.94190e-02  2.5003e-02
        1.80000  3.91934e-02  1.9876e-02
        1.85000  5.63231e-02  2.3033e-02
        1.90000  6.25659e-02  1.9351e-02
        1.95000  4.85932e-02  1.9446e-02
        2.00000  4.33932e-02  2.1420e-02
        2.05000  4.52313e-02  1.8774e-02
        2.10000  5.15837e-02  2.0801e-02
        2.15000  5.09881e-02  2.1724e-02
        2.20000  4.91795e-02  1.7401e-02
        2.25000  4.55538e-02  1.9479e-02
        2.30000  4.24976e-02  1.9036e-02
        2.35000  4.70943e-02  1.7730e-02
        2.40000  4.68775e-02  2.1091e-02
        2.45000  2.45272e-02  1.2220e-02
        2.50000  4.79501e-02  1.5401e-02
        2.55000  4.61733e-02  1.6735e-02
        2.60000  4.96316e-02  1.4058e-02
        2.65000  2.63681e-02  1.2716e-02
        2.70000  1.98005e-02  1.5149e-02
        2.75000  5.22140e-02  1.6344e-02
        2.80000  4.51767e-02  1.8403e-02
        2.85000  3.22255e-02  1.7612e-02
        2.90000  3.10709e-02  1.7440e-02
        2.95000  4.90132e-02  1.3537e-02
        3.00000  3.62630e-02  1.4684e-02
        3.05000  4.19663e-02  1.5257e-02
        3.10000  3.70229e-02  2.0174e-02
        3.15000  3.64543e-02  2.2322e-02
        3.20000  2.84340e-02  1.5363e-02
        3.25000  3.38656e-02  1.7763e-02
        3.30000  3.47801e-02  1.6554e-02
        3.35000  2.81617e-02  1.7944e-02
        3.40000  4.25220e-02  1.5313e-02
        3.45000  4.49301e-02  1.6604e-02
        3.50000  2.75583e-02  1.6495e-02
        3.55000  3.67468e-02  8.6683e-03
        3.60000  3.17138e-02  1.4572e-02
        3.65000  2.40324e-02  1.2496e-02
        3.70000  2.24830e-02  1.4610e-02
        3.75000  1.29453e-02  1.1839e-02
        3.80000  3.83281e-02  1.2797e-02
        3.85000  2.18518e-02  1.2667e-02
        3.90000  1.00573e-02  1.7550e-02
        3.95000  3.42655e-02  1.5631e-02
        4.00000  2.42808e-02  1.4522e-02
        4.05000  3.04086e-02  1.5899e-02
        4.10000  2.70809e-02  9.4973e-03
        4.15000  4.34685e-02  1.3694e-02
        4.20000  3.02089e-02  1.1977e-02
        4.25000  3.92720e-02  1.1695e-02
        4.30000  3.96373e-02  9.5906e-03
        4.35000  4.59628e-02  1.0321e-02
        4.40000  1.78038e-02  1.1211e-02
        4.45000  3.34675e-02  1.4224e-02
        4.50000  3.54739e-02  1.3768e-02
        4.55000  1.79493e-02  1.9241e-02
        4.60000  4.35409e-02  1.3210e-02
        4.65000  3.41733e-02  1.2878e-02
        4.70000  2.27302e-02  1.4452e-02
        4.75000  2.17530e-02  1.3987e-02
        4.80000  2.30073e-02  1.4367e-02
