  209    1    2    0    0    0    0  206
Vana,cold,2.5A (53784)
 1.0000  13.088  2.5133  276.030   1.0 0
                  0.0000  4.0000  0.0000
       -5.45000  2.36013e-02  1.6257e-02
       -5.40000  1.32456e-02  8.5947e-03
       -5.35000  1.23272e-02  5.0465e-03
       -5.30000  1.29648e-02  4.7443e-03
       -5.25000  1.64916e-02  7.0566e-03
       -5.20000  9.87693e-03  8.6490e-03
       -5.15000  1.04965e-02  7.3778e-03
       -5.10000  1.28227e-02  9.7968e-03
       -5.05000  8.07526e-03  9.2240e-03
       -5.00000  1.08861e-02  6.7464e-03
       -4.95000  1.82716e-02  7.1132e-03
       -4.90000  2.64068e-02  1.1932e-02
       -4.85000  9.90310e-03  9.2697e-03
       -4.80000  5.66361e-03  4.8514e-03
       -4.75000  7.08335e-03  4.6578e-03
       -4.70000  1.26162e-02  7.9789e-03
       -4.65000  9.02347e-03  4.0625e-03
       -4.60000  7.16171e-03  4.7315e-03
       -4.55000  8.15256e-03  5.0106e-03
       -4.50000  9.68822e-03  6.9951e-03
       -4.45000  9.89650e-03  4.7235e-03
       -4.40000  1.89009e-02  5.9585e-03
       -4.35000  1.36236e-02  5.4684e-03
       -4.30000  1.00877e-02  5.1124e-03
       -4.25000  9.24566e-03  2.8923e-03
       -4.20000  1.50491e-03  4.1689e-03
       -4.15000  6.05806e-03  4.5739e-03
       -4.10000  1.44141e-02  6.8718e-03
       -4.05000  1.79254e-02  7.9877e-03
       -4.00000  1.44545e-02  7.6046e-03
       -3.95000  1.39919e-02  8.8832e-03
       -3.90000  1.52944e-02  2.8433e-03
       -3.85000  7.83271e-03  6.3017e-03
       -3.80000  5.96353e-03  5.4941e-03
       -3.75000  1.08161e-02  1.7912e-03
       -3.70000  1.29287e-02  8.0664e-03
       -3.65000  9.96463e-03  8.4824e-03
       -3.60000  1.40059e-02  5.5087e-03
       -3.55000  8.35512e-03  4.4921e-03
       -3.50000  1.03495e-02  4.2771e-03
       -3.45000  1.61681e-02  5.2484e-03
       -3.40000  1.02472e-02  9.1439e-03
       -3.35000  7.14802e-03  6.6220e-03
       -3.30000  9.73938e-03  3.0866e-03
       -3.25000  2.09907e-02  7.8123e-04
       -3.20000  2.01863e-02  5.6685e-03
       -3.15000  1.39142e-02  6.3742e-03
       -3.10000  1.23504e-02  6.4050e-03
       -3.05000  2.07054e-02  7.4180e-03
       -3.00000  2.37554e-02  8.8763e-03
       -2.95000  1.95806e-02  7.3695e-03
       -2.90000  1.81556e-02  5.0043e-03
       -2.85000  1.44342e-02  7.0407e-03
       -2.80000  1.43728e-02  5.9215e-03
       -2.75000  1.85697e-02  3.9590e-03
       -2.70000  1.68179e-02  2.2590e-03
       -2.65000  1.97763e-02  5.2479e-03
       -2.60000  3.24580e-02  9.6840e-03
       -2.55000  3.28825e-02  9.2277e-03
       -2.50000  2.43620e-02  3.5959e-03
       -2.45000  2.00492e-02  5.8207e-03
       -2.40000  2.56846e-02  8.3747e-03
       -2.35000  1.87967e-02  8.5632e-03
       -2.30000  3.42443e-02  9.6578e-03
       -2.25000  2.32486e-02  1.0695e-02
       -2.20000  3.25941e-02  9.6295e-03
       -2.15000  1.76871e-02  1.5221e-02
       -2.10000  2.66678e-02  1.0394e-02
       -2.05000  2.52694e-02  8.9708e-03
       -2.00000  1.66597e-02  1.0155e-02
       -1.95000  1.90812e-02  1.1267e-02
       -1.90000  1.62040e-02  9.1111e-03
       -1.85000  2.41810e-02  8.3473e-03
       -1.80000  3.24270e-02  1.1266e-02
       -1.75000  2.83408e-02  7.1906e-03
       -1.70000  3.28998e-02  7.7972e-03
       -1.65000  3.46003e-02  8.1275e-03
       -1.60000  3.95816e-02  7.0415e-03
       -1.55000  4.47203e-02  1.1320e-02
       -1.50000  4.81868e-02  8.6799e-03
       -1.45000  4.45659e-02  8.7259e-03
       -1.40000  2.67690e-02  7.5381e-03
       -1.35000  5.05118e-02  1.2010e-02
       -1.30000  3.58738e-02  9.0283e-03
       -1.25000  2.12945e-02  1.5293e-02
       -1.20000  2.65792e-02  1.2944e-02
       -1.15000  5.88952e-02  5.7839e-03
       -1.10000  2.99833e-02  1.2977e-02
       -1.05000  5.07807e-02  1.5111e-02
       -1.00000  4.00653e-02  1.5784e-02
       -0.95000  2.34762e-02  1.2941e-02
       -0.90000  2.48511e-02  9.3684e-03
       -0.85000  2.94550e-02  1.0625e-02
       -0.80000  3.59470e-02  1.0655e-02
       -0.75000  3.71184e-02  1.2114e-02
       -0.70000  4.59866e-02  1.1723e-02
       -0.65000  7.16667e-02  2.0511e-02
       -0.60000  8.52892e-02  2.6120e-02
       -0.55000  2.39076e-01  3.7393e-02
       -0.50000  6.78076e-01  4.8198e-02
       -0.45000  1.33722e+00  7.2317e-02
       -0.40000  2.49521e+00  1.0691e-01
       -0.35000  4.14716e+00  1.4924e-01
       -0.30000  6.65367e+00  1.9552e-01
       -0.25000  9.77493e+00  2.2858e-01
       -0.20000  1.23086e+01  2.3740e-01
       -0.15000  1.54079e+01  2.4974e-01
       -0.10000  1.83089e+01  2.7881e-01
       -0.05000  1.94394e+01  3.2480e-01
        0.00000  1.99298e+01  3.4338e-01
        0.05000  1.95278e+01  2.9954e-01
        0.10000  1.80907e+01  2.6839e-01
        0.15000  1.54770e+01  2.6320e-01
        0.20000  1.23473e+01  2.5201e-01
        0.25000  9.36766e+00  2.1285e-01
        0.30000  6.34852e+00  1.5154e-01
        0.35000  3.84488e+00  1.2265e-01
        0.40000  2.25536e+00  9.0368e-02
        0.45000  1.12890e+00  7.2340e-02
        0.50000  5.89417e-01  4.3138e-02
        0.55000  3.46047e-01  4.0925e-02
        0.60000  3.00880e-01  3.4854e-02
        0.65000  2.33656e-01  3.7846e-02
        0.70000  1.75726e-01  3.0408e-02
        0.75000  1.85271e-01  3.7398e-02
        0.80000  1.61974e-01  3.0365e-02
        0.85000  1.82807e-01  2.2722e-02
        0.90000  1.82200e-01  2.6060e-02
        0.95000  1.84537e-01  2.2228e-02
        1.00000  1.41954e-01  2.4377e-02
        1.05000  9.44044e-02  2.1710e-02
        1.10000  1.04936e-01  2.3280e-02
        1.15000  1.38082e-01  1.5692e-02
        1.20000  1.00280e-01  1.7419e-02
        1.25000  7.41293e-02  2.0480e-02
        1.30000  7.10768e-02  2.2203e-02
        1.35000  7.52334e-02  2.2072e-02
        1.40000  9.95167e-02  1.8958e-02
        1.45000  7.46576e-02  1.4328e-02
        1.50000  4.06901e-02  2.3893e-02
        1.55000  7.13840e-02  1.7641e-02
        1.60000  8.04268e-02  1.7497e-02
        1.65000  8.82828e-02  2.0872e-02
        1.70000  8.48126e-02  1.7367e-02
        1.75000  4.08829e-02  1.7302e-02
        1.80000  7.43455e-02  1.8717e-02
        1.85000  5.67698e-02  2.0926e-02
        1.90000  6.94226e-02  1.9800e-02
        1.95000  2.37286e-02  2.1788e-02
        2.00000  5.63572e-02  1.5604e-02
        2.05000  4.08536e-02  1.9560e-02
        2.10000  4.80447e-02  1.4864e-02
        2.15000  7.75702e-02  1.8634e-02
        2.20000  4.04190e-02  9.6125e-03
        2.25000  4.19222e-02  1.7145e-02
        2.30000  4.22673e-02  1.0671e-02
        2.35000  6.23004e-02  1.8827e-02
        2.40000  3.26463e-02  1.1175e-02
        2.45000  3.96236e-02  1.2587e-02
        2.50000  3.44547e-02  9.0835e-03
        2.55000  1.44832e-02  1.0162e-02
        2.60000  5.28254e-02  7.4168e-03
        2.65000  3.68033e-02  1.1456e-02
        2.70000  6.10417e-02  1.1974e-02
        2.75000  5.71327e-02  1.0322e-02
        2.80000  3.09019e-02  8.7422e-03
        2.85000  3.60394e-02  1.3823e-02
        2.90000  3.35844e-02  1.7932e-02
        2.95000  3.38125e-02  1.4573e-02
        3.00000  3.42422e-02  6.2498e-03
        3.05000  1.38501e-02  7.3438e-03
        3.10000  4.52944e-02  1.1472e-02
        3.15000  4.76308e-02  1.3846e-02
        3.20000  3.03094e-02  5.2071e-03
        3.25000  9.18982e-03  1.0372e-02
        3.30000  1.83155e-02  1.3821e-02
        3.35000  1.87241e-02  1.1952e-02
        3.40000  2.72071e-02  1.3426e-02
        3.45000  2.78084e-02  1.3072e-02
        3.50000  2.92758e-02  1.7140e-02
        3.55000  2.57840e-02  1.2163e-02
        3.60000  1.99001e-02  9.6562e-03
        3.65000  1.69996e-02  8.1096e-03
        3.70000  3.57145e-02  1.4285e-02
        3.75000  2.35164e-02  6.9487e-03
        3.80000  2.77310e-02  1.3463e-02
        3.85000  3.32601e-02  1.4082e-02
        3.90000  2.18427e-02  1.2330e-02
        3.95000  2.24100e-02  1.2522e-02
        4.00000  2.63097e-02  5.9663e-03
        4.05000  9.00592e-03  7.2702e-03
        4.10000  1.30584e-02  9.7194e-03
        4.15000  9.99663e-03  9.5080e-03
        4.20000  1.61366e-02  4.9898e-03
        4.25000  1.64912e-02  6.8234e-03
        4.30000  2.68833e-02  1.5720e-02
        4.35000  1.96693e-02  8.4433e-03
        4.40000  2.43094e-02  1.1408e-02
        4.45000  1.34277e-02  4.5794e-03
        4.50000  2.24518e-02  1.1759e-02
        4.55000  1.41219e-02  1.2711e-02
        4.60000  3.05053e-02  1.7785e-02
        4.65000  3.62630e-02  1.2470e-02
        4.70000  2.35903e-02  1.5433e-02
        4.75000  1.96961e-02  1.7850e-02
        4.80000  5.94676e-02  2.0391e-02
  209    1    2    0    0    0    0  206
Vana,cold,2.5A (53784)
 2.0000  13.088  2.5133  276.030   1.0 0
                  0.0000  4.0000  0.0000
       -5.45000  1.11182e-02  6.6204e-03
       -5.40000  1.68629e-02  6.2926e-03
       -5.35000  1.35303e-02  3.5066e-03
       -5.30000  1.37043e-02  2.5761e-03
       -5.25000  2.45672e-02  7.9967e-03
       -5.20000  1.74216e-02  2.5074e-03
       -5.15000  1.18786e-02  2.6703e-03
       -5.10000  7.48743e-03  4.7714e-03
       -5.05000  1.03740e-02  1.0100e-02
       -5.00000  1.18651e-02  4.8654e-03
       -4.95000  1.48852e-02  3.8605e-03
       -4.90000  1.84033e-02  5.0301e-03
       -4.85000  1.16259e-02  9.3283e-03
       -4.80000  1.79440e-02  4.7835e-03
       -4.75000  2.18571e-02  4.2816e-03
       -4.70000  2.36326e-02  5.9655e-03
       -4.65000  1.12291e-02  8.7212e-03
       -4.60000  1.08113e-02  5.2737e-03
       -4.55000  1.37541e-02  3.4620e-03
       -4.50000  1.68833e-02  2.3912e-03
       -4.45000  1.70878e-02  6.3745e-03
       -4.40000  1.31264e-02  6.2117e-03
       -4.35000  1.05072e-02  3.6270e-03
       -4.30000  1.61648e-02  4.7146e-03
       -4.25000  2.58171e-02  1.1363e-02
       -4.20000  1.19364e-02  8.3840e-03
       -4.15000  7.16459e-03  9.0975e-03
       -4.10000  6.71836e-03  7.1235e-03
       -4.05000  7.90857e-03  6.4841e-03
       -4.00000  9.01240e-03  1.6030e-03
       -3.95000  4.70383e-03  1.1463e-02
       -3.90000  6.71888e-03  1.1376e-02
       -3.85000  3.08779e-03  6.8219e-03
       -3.80000  3.01126e-03  8.0695e-03
       -3.75000  4.18813e-03  1.2432e-02
       -3.70000  1.01857e-03  1.1339e-02
       -3.65000  5.02978e-03  1.4588e-02
       -3.60000  1.27129e-02  7.1131e-03
       -3.55000  2.31348e-02  9.5569e-03
       -3.50000  2.01815e-02  9.6683e-03
       -3.45000  1.20520e-02  8.8994e-03
       -3.40000  1.95485e-02  9.0389e-03
       -3.35000  2.59969e-02  6.8680e-03
       -3.30000  2.35286e-02  7.1084e-04
       -3.25000  1.54171e-02  1.1485e-02
       -3.20000  1.21936e-02  7.1197e-03
       -3.15000  6.46070e-03  4.5030e-03
       -3.10000  5.35580e-03  4.8059e-03
       -3.05000  1.56276e-02  9.1561e-03
       -3.00000  1.87969e-02  1.2832e-02
       -2.95000  7.93070e-03  3.1848e-03
       -2.90000  1.19110e-02  1.3399e-02
       -2.85000  5.77298e-03  1.0146e-02
       -2.80000  1.23671e-02  3.5817e-03
       -2.75000  9.46744e-03  2.4242e-03
       -2.70000  1.03311e-02  4.8863e-03
       -2.65000  1.42440e-02  6.8438e-03
       -2.60000  1.38695e-02  8.6033e-03
       -2.55000  2.27464e-02  9.9875e-03
       -2.50000  2.63088e-02  1.0680e-02
       -2.45000  1.09389e-02  2.0439e-02
       -2.40000  4.63674e-03  1.7495e-02
       -2.35000  4.91645e-03  5.1109e-03
       -2.30000  1.05834e-02  1.0206e-02
       -2.25000  1.34215e-02  1.3847e-02
       -2.20000  1.97769e-02  1.0419e-02
       -2.15000  1.51188e-02  7.1976e-03
       -2.10000  1.57724e-02  1.0315e-02
       -2.05000  1.75378e-02  1.0862e-02
       -2.00000  2.62325e-02  9.6930e-03
       -1.95000  2.37486e-02  9.8377e-03
       -1.90000  1.33332e-02  1.2057e-02
       -1.85000  2.29578e-02  1.0615e-02
       -1.80000  3.59797e-02  1.3659e-02
       -1.75000  2.79310e-02  1.3416e-02
       -1.70000  1.96382e-02  1.5876e-02
       -1.65000  1.78380e-02  1.3717e-02
       -1.60000  1.52447e-02  1.9584e-02
       -1.55000  3.08219e-02  1.7007e-02
       -1.50000  2.25463e-02  1.9068e-02
       -1.45000  1.87230e-02  1.5659e-02
       -1.40000  2.30774e-02  1.7860e-02
       -1.35000  1.22769e-02  2.7404e-02
       -1.30000  2.34134e-02  8.2331e-03
       -1.25000  1.69808e-02  2.1046e-02
       -1.20000  3.26553e-02  3.1130e-02
       -1.15000  2.46065e-02  2.9076e-02
       -1.10000  1.58199e-02  2.5986e-02
       -1.05000  2.48451e-02  3.1984e-02
       -1.00000  3.51779e-02  2.3132e-02
       -0.95000  2.44667e-02  2.2020e-02
       -0.90000  2.82577e-02  2.1712e-02
       -0.85000  3.15333e-02  1.9734e-02
       -0.80000  2.83493e-02  2.0209e-02
       -0.75000  2.28902e-02  2.1057e-02
       -0.70000  2.54999e-02  2.7767e-02
       -0.65000  4.24991e-02  3.6726e-02
       -0.60000  8.42998e-02  3.3547e-02
       -0.55000  2.81917e-01  4.9294e-02
       -0.50000  6.57982e-01  6.8907e-02
       -0.45000  1.31896e+00  9.2227e-02
       -0.40000  2.54207e+00  1.3805e-01
       -0.35000  4.30554e+00  1.9256e-01
       -0.30000  6.80466e+00  2.5135e-01
       -0.25000  9.86651e+00  3.0578e-01
       -0.20000  1.29048e+01  3.0723e-01
       -0.15000  1.57869e+01  3.2814e-01
       -0.10000  1.80623e+01  3.7220e-01
       -0.05000  1.96153e+01  4.1889e-01
        0.00000  1.99005e+01  4.3729e-01
        0.05000  1.94815e+01  3.8255e-01
        0.10000  1.79611e+01  3.4003e-01
        0.15000  1.56523e+01  3.2191e-01
        0.20000  1.22010e+01  3.1134e-01
        0.25000  8.84103e+00  2.7301e-01
        0.30000  5.88586e+00  1.9822e-01
        0.35000  3.75051e+00  1.5776e-01
        0.40000  1.86320e+00  1.3615e-01
        0.45000  1.07514e+00  9.4514e-02
        0.50000  5.23992e-01  6.4674e-02
        0.55000  3.23241e-01  7.1455e-02
        0.60000  2.16025e-01  5.8055e-02
        0.65000  2.43880e-01  5.0557e-02
        0.70000  2.23158e-01  5.0764e-02
        0.75000  1.49486e-01  6.0336e-02
        0.80000  1.65457e-01  5.3088e-02
        0.85000  1.16173e-01  4.1114e-02
        0.90000  1.15549e-01  4.4656e-02
        0.95000  1.27007e-01  3.9787e-02
        1.00000  1.35920e-01  4.5423e-02
        1.05000  8.17090e-02  3.7028e-02
        1.10000  1.00475e-01  3.9200e-02
        1.15000  1.13285e-01  5.3572e-02
        1.20000  9.43341e-02  3.7356e-02
        1.25000  7.58508e-02  3.4936e-02
        1.30000  6.54559e-02  2.8336e-02
        1.35000  5.76197e-02  3.1766e-02
        1.40000  7.82804e-02  3.7550e-02
        1.45000  6.81240e-02  2.2850e-02
        1.50000  6.32326e-02  3.1242e-02
        1.55000  5.67020e-02  3.7177e-02
        1.60000  3.24236e-02  3.5427e-02
        1.65000  5.37866e-02  2.8274e-02
        1.70000  3.72925e-02  3.2614e-02
        1.75000  5.24030e-02  9.5664e-03
        1.80000  6.11904e-02  2.4958e-02
        1.85000  4.93154e-02  3.0077e-02
        1.90000  5.44202e-02  2.4654e-02
        1.95000  3.69400e-02  2.0195e-02
        2.00000  4.81226e-02  1.4706e-02
        2.05000  2.78804e-02  2.0947e-02
        2.10000  4.21441e-02  2.7238e-02
        2.15000  3.03854e-02  3.2167e-02
        2.20000  3.40291e-02  1.8408e-02
        2.25000  4.91645e-02  1.9621e-02
        2.30000  2.54840e-02  2.6546e-02
        2.35000  2.49326e-02  2.9290e-02
        2.40000  6.60437e-02  1.4874e-02
        2.45000  2.42118e-02  2.4547e-02
        2.50000  3.34982e-02  1.4807e-02
        2.55000  2.10244e-02  2.3728e-02
        2.60000  2.06962e-02  3.0510e-02
        2.65000  2.46421e-02  2.6277e-02
        2.70000  3.05920e-02  3.0242e-02
        2.75000  4.24125e-02  2.1517e-02
        2.80000  1.99839e-02  1.9054e-02
        2.85000  1.43832e-02  2.2734e-02
        2.90000  2.59992e-02  1.4980e-02
        2.95000  3.28705e-02  1.7107e-02
        3.00000  4.99887e-02  1.7203e-02
        3.05000  3.88262e-02  1.7896e-02
        3.10000  3.74163e-02  2.6408e-02
        3.15000  4.84861e-02  2.1218e-02
        3.20000  2.68844e-02  1.5698e-02
        3.25000  1.59043e-02  8.6874e-03
        3.30000  3.34528e-02  1.7269e-02
        3.35000  1.46914e-02  1.0441e-02
        3.40000  4.28530e-02  1.7131e-02
        3.45000  1.95365e-02  9.0585e-03
        3.50000  1.99414e-02  1.3423e-02
        3.55000  4.22270e-02  2.6819e-02
        3.60000  1.83002e-02  1.9100e-02
        3.65000  2.90131e-02  2.8858e-03
        3.70000  1.59786e-02  1.8949e-02
        3.75000  7.55050e-03  2.1253e-02
        3.80000  1.27004e-02  2.2240e-02
        3.85000  3.47292e-02  1.6941e-02
        3.90000  2.80966e-02  1.9956e-02
        3.95000  1.82690e-02  1.1869e-02
        4.00000  1.02164e-02  2.3319e-02
        4.05000  1.37749e-02  1.1663e-02
        4.10000  2.09088e-02  1.4149e-02
        4.15000  4.09962e-02  1.3126e-02
        4.20000  7.02521e-03  1.5087e-02
        4.25000  1.45047e-02  1.6667e-02
        4.30000  2.85776e-02  1.7493e-02
        4.35000  3.05844e-02  1.5222e-02
        4.40000  1.09791e-02  8.5389e-03
        4.45000  7.97898e-04  9.8781e-03
        4.50000  2.37526e-02  1.3907e-02
        4.55000  1.93407e-02  1.6404e-02
        4.60000  2.59778e-02  1.0539e-02
        4.65000  1.14833e-02  8.8517e-03
        4.70000  1.78469e-02  7.4144e-03
        4.75000  5.42597e-03  1.1425e-02
        4.80000  2.20466e-02  1.1634e-02
  209    1    2    0    0    0    0  206
Vana,cold,2.5A (53784)
 3.0000  13.088  2.5133  276.030   1.0 0
                  0.0000  4.0000  0.0000
       -5.45000  5.59426e-03  1.2657e-02
       -5.40000  7.41056e-03  6.8342e-03
       -5.35000  7.51882e-03  6.6126e-03
       -5.30000  8.76246e-03  8.9434e-03
       -5.25000  1.38526e-02  8.3075e-03
       -5.20000  6.03115e-03  7.8829e-03
       -5.15000  9.33913e-03  9.1445e-03
       -5.10000  1.63789e-02  1.5428e-02
       -5.05000  1.88384e-02  1.4515e-02
       -5.00000  1.85496e-02  7.7616e-03
       -4.95000  1.64152e-02  8.2486e-03
       -4.90000  1.07212e-02  1.4631e-02
       -4.85000  9.87835e-03  1.3511e-02
       -4.80000  1.05919e-02  9.3757e-03
       -4.75000  1.02434e-02  9.8039e-03
       -4.70000  8.95649e-03  1.3839e-02
       -4.65000  1.01580e-02  6.9954e-03
       -4.60000  1.65914e-02  1.1030e-02
       -4.55000  1.20405e-02  9.7282e-03
       -4.50000  5.41303e-03  1.0879e-02
       -4.45000  7.86632e-03  3.1272e-03
       -4.40000 -3.28094e-05  9.6038e-03
       -4.35000  1.32914e-03  3.7247e-03
       -4.30000  2.75123e-03  4.8411e-03
       -4.25000  3.48590e-03  1.1514e-02
       -4.20000  1.12139e-02  1.2294e-02
       -4.15000  1.18013e-02  9.1971e-03
       -4.10000  7.74561e-03  5.3406e-03
       -4.05000  7.42751e-03  4.5303e-03
       -4.00000  1.16436e-02  5.8491e-03
       -3.95000  1.62170e-02  1.0516e-02
       -3.90000  2.13764e-02  5.8199e-03
       -3.85000  1.28404e-02  6.4209e-03
       -3.80000  1.08557e-02  5.7939e-03
       -3.75000  1.18344e-02  5.1853e-03
       -3.70000  3.34958e-03  8.7590e-03
       -3.65000  3.26275e-02  5.5065e-04
       -3.60000  1.73670e-02  4.9203e-03
       -3.55000  1.96063e-02  3.1616e-03
       -3.50000  2.03079e-02  2.4217e-03
       -3.45000  1.67472e-02  2.4556e-03
       -3.40000  1.57527e-02  8.5411e-03
       -3.35000  1.67925e-02  8.3030e-03
       -3.30000  1.10320e-02  6.5865e-04
       -3.25000  9.96578e-03  9.0295e-03
       -3.20000  2.08891e-02  8.1238e-03
       -3.15000  2.29321e-02  5.8847e-03
       -3.10000  1.91405e-02  1.6314e-04
       -3.05000  1.64005e-02  1.5022e-03
       -3.00000  4.61827e-03  6.3191e-03
       -2.95000  1.45029e-02  7.2193e-03
       -2.90000  1.75071e-02  9.8169e-03
       -2.85000  1.33122e-02  2.0011e-03
       -2.80000  1.58121e-02  5.4794e-03
       -2.75000  1.85120e-02  8.1656e-03
       -2.70000  1.20314e-02  1.0438e-02
       -2.65000  1.09131e-02  1.0705e-02
       -2.60000  1.79948e-02  5.6098e-03
       -2.55000  1.10699e-02  8.8624e-03
       -2.50000  1.39618e-02  1.6420e-02
       -2.45000  7.11466e-03  1.0549e-02
       -2.40000  1.71221e-02  7.4836e-03
       -2.35000  2.38921e-02  1.0850e-02
       -2.30000  1.29342e-02  1.2883e-02
       -2.25000  1.26185e-02  3.2885e-03
       -2.20000  3.13831e-02  4.6062e-03
       -2.15000  1.70984e-02  1.0030e-02
       -2.10000  1.14694e-02  8.8678e-03
       -2.05000  1.26988e-02  1.0147e-02
       -2.00000  1.16171e-02  6.7902e-03
       -1.95000  1.96878e-02  8.4299e-03
       -1.90000  1.56255e-02  7.0194e-03
       -1.85000  1.01783e-02  8.5105e-03
       -1.80000  2.06573e-02  6.8081e-03
       -1.75000  3.41596e-02  3.2080e-03
       -1.70000  2.93110e-02  7.2369e-03
       -1.65000  1.62172e-02  4.2667e-03
       -1.60000  2.27207e-02  9.0282e-03
       -1.55000  2.02574e-02  7.4248e-03
       -1.50000  2.01608e-02  8.6292e-03
       -1.45000  1.92663e-02  3.2963e-03
       -1.40000  1.00168e-02  8.5618e-03
       -1.35000  8.62791e-03  1.3441e-02
       -1.30000  1.74655e-02  1.2407e-02
       -1.25000  2.14673e-02  1.0349e-02
       -1.20000  2.33368e-02  1.6839e-02
       -1.15000  1.17481e-02  1.0635e-02
       -1.10000  3.93557e-02  1.4361e-03
       -1.05000  1.95177e-02  1.2021e-02
       -1.00000  2.00701e-02  7.6827e-03
       -0.95000  5.21401e-02  1.1553e-02
       -0.90000  4.89858e-02  1.0966e-02
       -0.85000  2.98073e-02  9.0301e-03
       -0.80000  3.05814e-02  1.0029e-02
       -0.75000  2.84005e-02  1.5054e-02
       -0.70000  1.77746e-02  1.8877e-02
       -0.65000  3.43392e-02  1.9415e-02
       -0.60000  7.17838e-02  2.1678e-02
       -0.55000  2.11924e-01  3.5807e-02
       -0.50000  6.34707e-01  5.2683e-02
       -0.45000  1.41653e+00  7.9210e-02
       -0.40000  2.48640e+00  1.1349e-01
       -0.35000  4.00670e+00  1.6430e-01
       -0.30000  6.62313e+00  2.2121e-01
       -0.25000  9.33828e+00  2.4927e-01
       -0.20000  1.24694e+01  2.5478e-01
       -0.15000  1.52053e+01  2.7510e-01
       -0.10000  1.77968e+01  3.0372e-01
       -0.05000  1.92739e+01  3.5520e-01
        0.00000  2.02077e+01  3.7560e-01
        0.05000  1.99327e+01  3.2880e-01
        0.10000  1.83140e+01  2.9740e-01
        0.15000  1.62904e+01  2.8961e-01
        0.20000  1.25734e+01  2.9090e-01
        0.25000  8.58431e+00  2.4525e-01
        0.30000  6.09088e+00  1.7331e-01
        0.35000  3.66274e+00  1.3940e-01
        0.40000  2.04255e+00  1.1351e-01
        0.45000  9.40259e-01  7.4947e-02
        0.50000  4.92876e-01  5.0370e-02
        0.55000  2.70540e-01  4.3020e-02
        0.60000  2.19676e-01  3.4084e-02
        0.65000  1.85118e-01  3.6690e-02
        0.70000  1.58347e-01  2.9296e-02
        0.75000  2.03779e-01  2.9016e-02
        0.80000  2.32053e-01  3.1548e-02
        0.85000  2.12655e-01  2.7893e-02
        0.90000  1.51915e-01  3.1321e-02
        0.95000  1.02468e-01  3.1686e-02
        1.00000  1.14510e-01  2.2424e-02
        1.05000  7.06672e-02  2.8131e-02
        1.10000  7.77954e-02  2.2614e-02
        1.15000  5.97298e-02  2.2012e-02
        1.20000  8.94023e-02  1.8735e-02
        1.25000  1.13082e-01  1.5722e-02
        1.30000  6.94078e-02  9.6324e-03
        1.35000  8.16625e-02  1.9545e-02
        1.40000  9.46493e-02  2.1661e-02
        1.45000  6.97333e-02  2.0893e-02
        1.50000  5.28478e-02  1.9605e-02
        1.55000  7.72488e-02  2.1463e-02
        1.60000  4.51174e-02  2.2888e-02
        1.65000  3.62064e-02  1.5435e-02
        1.70000  4.95586e-02  1.5546e-02
        1.75000  5.20508e-02  2.0620e-02
        1.80000  5.51484e-02  1.6663e-02
        1.85000  5.61351e-02  1.3942e-02
        1.90000  7.35362e-02  2.3901e-02
        1.95000  5.64658e-02  9.2430e-03
        2.00000  5.56372e-02  1.9600e-02
        2.05000  4.10472e-02  1.6869e-02
        2.10000  5.71935e-02  1.8478e-02
        2.15000  4.67901e-02  1.4068e-02
        2.20000  3.77807e-02  1.8365e-02
        2.25000  5.57405e-02  1.8285e-02
        2.30000  6.24875e-02  7.6746e-03
        2.35000  3.51164e-02  1.9941e-02
        2.40000  2.74022e-02  1.2468e-02
        2.45000  2.74155e-02  1.8531e-02
        2.50000  4.37533e-02  2.0025e-02
        2.55000  1.92975e-02  8.4478e-03
        2.60000  3.62439e-02  9.5471e-03
        2.65000  3.32136e-02  1.4950e-02
        2.70000  4.65385e-02  1.3512e-02
        2.75000  2.52089e-02  1.4351e-02
        2.80000  1.06767e-02  1.0756e-02
        2.85000  2.15422e-02  1.9487e-02
        2.90000  1.73163e-02  8.5297e-03
        2.95000  2.17060e-02  4.3421e-03
        3.00000  3.63753e-02  9.0243e-03
        3.05000  2.49290e-02  5.9017e-03
        3.10000  3.18066e-02  1.6596e-02
        3.15000  1.81343e-02  2.4780e-03
        3.20000  1.03604e-02  1.2738e-02
        3.25000  1.58389e-02  9.0395e-03
        3.30000  1.41784e-02  1.2263e-02
        3.35000  3.19113e-02  8.8291e-03
        3.40000  5.20549e-02  2.4405e-03
        3.45000  1.04595e-02  1.6006e-02
        3.50000  3.17380e-02  1.1592e-02
        3.55000  2.38754e-02  1.3111e-02
        3.60000  1.28620e-02  1.4636e-02
        3.65000  1.31594e-02  1.1184e-02
        3.70000  2.25370e-02  6.8548e-03
        3.75000  1.36803e-02  7.2648e-03
        3.80000  2.68100e-02  1.0112e-02
        3.85000  1.65459e-02  1.3511e-02
        3.90000  4.26778e-02  1.1254e-02
        3.95000  1.31522e-02  1.3769e-02
        4.00000  2.08405e-02  1.3728e-02
        4.05000  4.11773e-02  1.8254e-02
        4.10000  1.07046e-02  2.7818e-03
        4.15000  3.52664e-02  1.7531e-02
        4.20000  6.05403e-02  1.0636e-02
        4.25000  2.16004e-02  1.2129e-02
        4.30000  2.41072e-02  1.0200e-02
        4.35000  1.70683e-02  1.1162e-02
        4.40000  2.77946e-02  7.3085e-03
        4.45000  1.56281e-02  7.4236e-03
        4.50000  4.54573e-02  2.0195e-02
        4.55000  1.82105e-03  5.8122e-03
        4.60000  7.92669e-03  1.2944e-02
        4.65000  1.86904e-02  9.9715e-03
        4.70000  1.88227e-02  1.2063e-02
        4.75000  1.03311e-02  1.2697e-02
        4.80000  1.06952e-02  8.3838e-03
  209    1    2    0    0    0    0  206
Vana,cold,2.5A (53784)
 4.0000  13.088  2.5133  276.030   1.0 0
                  0.0000  4.0000  0.0000
       -5.45000  4.44429e-03  6.6459e-03
       -5.40000  5.87712e-03  6.2111e-03
       -5.35000  7.91150e-03  5.9895e-03
       -5.30000  8.57274e-03  7.8351e-03
       -5.25000  6.92397e-03  1.0549e-02
       -5.20000  1.22082e-02  6.1451e-03
       -5.15000  1.27193e-02  5.2365e-03
       -5.10000  1.18678e-02  7.4837e-03
       -5.05000  9.83158e-03  9.7468e-03
       -5.00000  6.08256e-03  7.9890e-03
       -4.95000  6.33649e-03  6.8440e-03
       -4.90000  8.80690e-03  4.9702e-03
       -4.85000  3.72978e-03  5.4055e-03
       -4.80000  1.36937e-02  5.1216e-03
       -4.75000  1.50482e-02  4.4214e-03
       -4.70000  1.22146e-02  5.2885e-03
       -4.65000  2.07627e-02  1.0215e-02
       -4.60000  1.16191e-02  7.0719e-03
       -4.55000  9.02576e-03  4.4955e-03
       -4.50000  8.32511e-03  1.3708e-03
       -4.45000  2.13049e-03  7.7518e-03
       -4.40000  8.14503e-04  5.8419e-03
       -4.35000  6.24011e-03  7.7765e-03
       -4.30000  1.14788e-02  8.7663e-03
       -4.25000  1.52288e-02  1.0573e-02
       -4.20000  1.17238e-02  6.4797e-03
       -4.15000  6.50192e-03  5.0534e-03
       -4.10000  6.99462e-03  3.3218e-03
       -4.05000  8.86762e-03  4.2735e-03
       -4.00000  1.10196e-02  7.6840e-03
       -3.95000  1.83922e-02  1.2266e-02
       -3.90000  1.02036e-02  1.5843e-03
       -3.85000  1.20194e-02  4.0441e-03
       -3.80000  1.46447e-02  3.9341e-03
       -3.75000  1.40498e-02  2.9395e-03
       -3.70000  4.92895e-03  6.2500e-03
       -3.65000  4.70271e-03  0.0000e+00
       -3.60000  8.79267e-03  8.3059e-03
       -3.55000  2.08921e-02  5.5634e-03
       -3.50000  2.25976e-02  5.9845e-03
       -3.45000  1.60233e-02  8.5499e-03
       -3.40000  1.48199e-02  9.1486e-03
       -3.35000  1.24163e-02  1.0572e-02
       -3.30000  1.01775e-02  4.3889e-03
       -3.25000  1.06924e-02  9.9079e-03
       -3.20000  2.11146e-02  5.4455e-03
       -3.15000  2.08264e-02  3.8292e-03
       -3.10000  1.21353e-02  5.0978e-03
       -3.05000  1.26595e-02  2.9411e-03
       -3.00000  8.92526e-03  1.2238e-02
       -2.95000  1.52713e-02  0.0000e+00
       -2.90000  1.16588e-02  6.5404e-03
       -2.85000  1.75671e-02  7.0950e-03
       -2.80000  1.85282e-02  8.0502e-03
       -2.75000  1.55609e-02  7.0150e-03
       -2.70000  2.01168e-02  6.3123e-03
       -2.65000  2.23879e-02  8.0454e-03
       -2.60000  1.87177e-02  1.0719e-02
       -2.55000  2.13978e-02  1.0003e-02
       -2.50000  1.41013e-02  1.2593e-02
       -2.45000  1.41572e-02  3.0916e-03
       -2.40000  1.93659e-02  1.9953e-03
       -2.35000  1.78729e-02  0.0000e+00
       -2.30000  1.64520e-02  1.0463e-02
       -2.25000  1.17610e-02  3.6140e-03
       -2.20000  2.41643e-02  1.1027e-02
       -2.15000  1.71845e-02  6.9688e-03
       -2.10000  1.90023e-02  1.0515e-02
       -2.05000  1.55324e-02  1.0021e-02
       -2.00000  2.51800e-02  8.8329e-03
       -1.95000  2.55281e-02  1.0975e-02
       -1.90000  1.38693e-02  8.8241e-03
       -1.85000  2.34702e-02  1.2488e-02
       -1.80000  1.84115e-02  1.5281e-02
       -1.75000  2.08739e-02  1.2107e-02
       -1.70000  1.96539e-02  9.3265e-03
       -1.65000  2.47162e-02  8.9819e-03
       -1.60000  1.68581e-02  7.1364e-03
       -1.55000  1.20610e-02  1.4331e-02
       -1.50000  1.38961e-02  8.6144e-03
       -1.45000  9.37144e-03  1.1907e-02
       -1.40000  2.35695e-02  1.3912e-02
       -1.35000  1.85749e-02  9.4736e-03
       -1.30000  2.91126e-02  1.5402e-02
       -1.25000  2.23313e-02  1.2825e-02
       -1.20000  2.07435e-02  8.0565e-03
       -1.15000  7.34621e-03  1.4440e-02
       -1.10000  1.84645e-02  9.0233e-03
       -1.05000  2.33459e-02  7.6864e-03
       -1.00000  2.65680e-02  1.4695e-02
       -0.95000  1.83598e-02  1.2759e-02
       -0.90000  2.21318e-02  1.0868e-02
       -0.85000  3.61551e-02  9.3066e-03
       -0.80000  3.36045e-02  9.0020e-03
       -0.75000  1.75800e-02  1.0440e-02
       -0.70000  2.59065e-02  1.5768e-02
       -0.65000  2.90453e-02  1.8798e-02
       -0.60000  6.24804e-02  2.1084e-02
       -0.55000  2.46245e-01  4.2933e-02
       -0.50000  5.80403e-01  5.6147e-02
       -0.45000  1.27903e+00  7.6190e-02
       -0.40000  2.49198e+00  1.1158e-01
       -0.35000  4.07901e+00  1.6211e-01
       -0.30000  6.67481e+00  2.2092e-01
       -0.25000  9.72645e+00  2.5207e-01
       -0.20000  1.28238e+01  2.6110e-01
       -0.15000  1.56101e+01  2.8182e-01
       -0.10000  1.81149e+01  3.1538e-01
       -0.05000  1.95941e+01  3.7001e-01
        0.00000  1.99492e+01  3.8132e-01
        0.05000  1.98338e+01  3.5011e-01
        0.10000  1.79484e+01  3.0889e-01
        0.15000  1.54456e+01  3.0249e-01
        0.20000  1.24603e+01  2.9558e-01
        0.25000  8.90233e+00  2.4923e-01
        0.30000  6.00986e+00  1.7910e-01
        0.35000  3.64742e+00  1.4391e-01
        0.40000  2.03861e+00  1.1060e-01
        0.45000  9.16915e-01  8.4368e-02
        0.50000  4.71913e-01  5.6416e-02
        0.55000  2.76198e-01  4.4723e-02
        0.60000  1.85198e-01  3.5474e-02
        0.65000  2.16519e-01  3.8473e-02
        0.70000  1.79479e-01  3.3291e-02
        0.75000  1.68249e-01  2.5701e-02
        0.80000  1.82759e-01  3.0601e-02
        0.85000  1.32990e-01  2.3340e-02
        0.90000  1.00259e-01  2.6475e-02
        0.95000  1.13929e-01  2.3590e-02
        1.00000  8.08976e-02  1.8789e-02
        1.05000  9.48801e-02  2.4110e-02
        1.10000  8.54598e-02  2.3503e-02
        1.15000  8.13523e-02  1.8911e-02
        1.20000  8.01005e-02  2.8311e-02
        1.25000  6.36270e-02  2.0814e-02
        1.30000  5.87889e-02  1.5689e-02
        1.35000  7.23252e-02  1.6181e-02
        1.40000  7.04949e-02  2.3446e-02
        1.45000  7.23501e-02  1.4796e-02
        1.50000  5.97675e-02  2.2187e-02
        1.55000  4.77553e-02  1.8024e-02
        1.60000  6.19918e-02  1.6691e-02
        1.65000  7.01225e-02  1.9585e-02
        1.70000  7.05563e-02  2.3082e-02
        1.75000  7.14645e-02  2.2230e-02
        1.80000  5.57537e-02  2.3021e-02
        1.85000  4.55165e-02  2.0595e-02
        1.90000  4.53290e-02  1.7443e-02
        1.95000  3.83537e-02  1.2676e-02
        2.00000  4.84356e-02  1.7322e-02
        2.05000  6.27675e-02  1.8030e-02
        2.10000  5.84248e-02  9.5173e-03
        2.15000  5.28238e-02  1.5569e-02
        2.20000  4.38324e-02  1.5958e-02
        2.25000  5.37687e-02  1.5357e-02
        2.30000  3.24338e-02  1.3676e-02
        2.35000  3.56278e-02  1.4234e-02
        2.40000  3.39583e-02  2.1085e-02
        2.45000  2.41754e-02  1.1534e-02
        2.50000  3.53603e-02  1.1107e-02
        2.55000  3.48357e-02  6.1300e-03
        2.60000  3.54090e-02  1.3335e-02
        2.65000  9.72041e-03  1.1489e-02
        2.70000  2.77246e-02  1.8790e-02
        2.75000  2.34208e-02  2.0123e-02
        2.80000  2.03480e-02  1.3369e-02
        2.85000  2.74922e-02  1.6025e-02
        2.90000  2.89798e-02  1.5264e-02
        2.95000  2.03232e-02  1.3734e-02
        3.00000  2.31189e-02  1.8612e-02
        3.05000  2.02896e-02  1.9521e-02
        3.10000  2.90585e-02  1.4064e-02
        3.15000  2.91471e-02  1.7100e-02
        3.20000  1.55457e-02  1.2753e-02
        3.25000  2.04205e-02  9.6184e-03
        3.30000  2.21750e-02  1.8051e-02
        3.35000  3.25217e-02  1.2315e-02
        3.40000  1.77102e-02  1.9448e-02
        3.45000  1.98913e-02  1.3247e-02
        3.50000  1.43559e-02  1.4629e-02
        3.55000  1.70356e-02  2.0803e-02
        3.60000  1.64311e-02  8.8377e-03
        3.65000  1.28860e-02  1.5226e-02
        3.70000  1.67832e-02  3.2773e-03
        3.75000  2.70463e-02  1.0739e-02
        3.80000  3.92598e-02  1.2087e-02
        3.85000  2.34966e-02  1.7480e-02
        3.90000  1.93345e-02  1.4579e-02
        3.95000  1.72348e-02  7.8394e-03
        4.00000  1.47621e-02  9.2637e-03
        4.05000  3.08649e-02  1.3994e-02
        4.10000  1.58916e-02  1.5048e-02
        4.15000  4.96718e-03  1.1523e-02
        4.20000  2.92015e-02  1.4792e-02
        4.25000  1.68360e-02  1.4834e-02
        4.30000  1.36860e-02  1.7509e-02
        4.35000  1.32260e-02  2.1216e-02
        4.40000  6.65421e-03  8.1451e-03
        4.45000  5.83873e-03  5.8592e-03
        4.50000  1.25533e-02  1.6691e-02
        4.55000  1.61322e-02  1.4746e-02
        4.60000  1.48823e-02  1.8402e-02
        4.65000  1.62356e-02  1.8696e-02
        4.70000  2.29515e-02  1.2963e-02
        4.75000  1.83655e-02  1.0921e-02
        4.80000  1.51765e-02  0.0000e+00
  209    1    2    0    0    0    0  206
Vana,cold,2.5A (53784)
 5.0000  13.088  2.5133  276.030   1.0 0
                  0.0000  4.0000  0.0000
       -5.45000  1.25138e-02  1.8502e-03
       -5.40000  1.00751e-02  8.8905e-03
       -5.35000  6.69939e-03  6.2246e-03
       -5.30000  4.04251e-03  7.0315e-03
       -5.25000  3.95380e-03  6.5512e-03
       -5.20000  1.45578e-02  5.5339e-03
       -5.15000  1.39999e-02  4.2150e-03
       -5.10000  1.03969e-02  4.6555e-03
       -5.05000  1.28141e-02  0.0000e+00
       -5.00000  9.92709e-03  5.4387e-03
       -4.95000  1.03659e-02  6.2204e-03
       -4.90000  1.21147e-02  1.0242e-02
       -4.85000  7.52467e-03  3.0202e-03
       -4.80000  8.02929e-03  2.7798e-03
       -4.75000  1.01970e-02  3.7300e-03
       -4.70000  1.26172e-02  6.0717e-03
       -4.65000  6.81562e-03  9.8230e-03
       -4.60000  1.36705e-02  5.4802e-03
       -4.55000  1.73960e-02  4.1898e-03
       -4.50000  1.63383e-02  4.6605e-03
       -4.45000  5.73053e-03  6.0135e-03
       -4.40000  4.57111e-03  1.0928e-02
       -4.35000  5.69068e-03  5.9388e-03
       -4.30000  8.10941e-03  5.4905e-03
       -4.25000  9.69449e-03  1.0012e-02
       -4.20000  5.25607e-03  4.1965e-03
       -4.15000  1.11045e-02  4.9836e-03
       -4.10000  1.32565e-02  5.8868e-03
       -4.05000  1.58558e-02  6.6967e-03
       -4.00000  1.80949e-02  7.8968e-03
       -3.95000  5.46941e-03  2.2279e-03
       -3.90000  7.58046e-03  7.9345e-03
       -3.85000  7.01676e-03  5.1925e-03
       -3.80000  5.03125e-03  6.4987e-03
       -3.75000  4.91452e-03  9.8666e-03
       -3.70000  1.20363e-02  8.7512e-03
       -3.65000  8.39630e-03  1.2997e-02
       -3.60000  1.09164e-02  5.7156e-03
       -3.55000  7.43904e-03  3.2542e-03
       -3.50000  1.07266e-02  5.1311e-03
       -3.45000  1.61807e-02  8.4442e-03
       -3.40000  1.02347e-02  8.3419e-03
       -3.35000  6.87382e-03  9.5916e-03
       -3.30000  8.31330e-03  7.4664e-04
       -3.25000  1.59249e-02  6.1859e-03
       -3.20000  1.43648e-02  6.5615e-03
       -3.15000  1.06728e-02  8.7702e-03
       -3.10000  1.26940e-02  1.1564e-02
       -3.05000  2.03500e-02  1.0006e-02
       -3.00000  2.04641e-02  1.1143e-02
       -2.95000  1.85177e-02  9.4684e-03
       -2.90000  1.63597e-02  1.2544e-02
       -2.85000  4.38026e-03  1.1539e-02
       -2.80000  1.05470e-02  8.0454e-03
       -2.75000  9.30251e-03  8.0219e-03
       -2.70000  1.21311e-02  6.7375e-03
       -2.65000  2.05893e-02  6.6714e-03
       -2.60000  2.10101e-02  9.6013e-03
       -2.55000  1.64397e-02  9.4218e-03
       -2.50000  2.05942e-02  1.0382e-02
       -2.45000  1.33528e-02  6.8094e-03
       -2.40000  1.58162e-02  1.1167e-02
       -2.35000  9.54300e-03  1.2467e-02
       -2.30000  9.97422e-03  1.1396e-02
       -2.25000  1.35855e-02  1.4395e-02
       -2.20000  1.26628e-02  1.5454e-02
       -2.15000  9.05918e-03  7.2023e-03
       -2.10000  8.44807e-03  7.9384e-03
       -2.05000  8.42288e-03  5.1156e-03
       -2.00000  8.11432e-03  8.6913e-03
       -1.95000  1.26974e-02  8.0735e-03
       -1.90000  1.45069e-02  5.8605e-03
       -1.85000  1.30507e-02  5.0985e-03
       -1.80000  1.16727e-02  7.6629e-03
       -1.75000  1.46276e-02  1.0835e-02
       -1.70000  1.45185e-02  9.1531e-03
       -1.65000  1.34180e-02  8.0909e-03
       -1.60000  1.29727e-02  1.2308e-02
       -1.55000  1.97188e-02  8.2164e-03
       -1.50000  1.10342e-02  1.2338e-02
       -1.45000  1.26835e-02  1.0640e-02
       -1.40000  1.85637e-02  6.7659e-03
       -1.35000  2.44765e-02  1.7470e-03
       -1.30000  1.32961e-02  6.9079e-03
       -1.25000  9.59488e-03  1.0316e-02
       -1.20000  7.56492e-03  1.3685e-02
       -1.15000  1.20986e-02  4.2117e-03
       -1.10000  1.98280e-02  1.7747e-02
       -1.05000  1.20211e-02  8.4785e-03
       -1.00000  2.25070e-02  9.0485e-03
       -0.95000  2.03589e-02  1.4576e-02
       -0.90000  1.60947e-02  1.5041e-02
       -0.85000  1.52911e-02  1.1054e-02
       -0.80000  2.16600e-02  1.2160e-02
       -0.75000  1.98006e-02  8.0643e-03
       -0.70000  2.13628e-02  1.1183e-02
       -0.65000  3.89340e-02  1.5511e-02
       -0.60000  8.59326e-02  1.8032e-02
       -0.55000  2.41128e-01  3.0335e-02
       -0.50000  5.53854e-01  5.0925e-02
       -0.45000  1.26468e+00  7.9273e-02
       -0.40000  2.43385e+00  1.0890e-01
       -0.35000  4.04251e+00  1.5511e-01
       -0.30000  6.31998e+00  2.2275e-01
       -0.25000  9.38227e+00  2.4620e-01
       -0.20000  1.27070e+01  2.6706e-01
       -0.15000  1.53989e+01  2.8146e-01
       -0.10000  1.77305e+01  3.1871e-01
       -0.05000  1.91477e+01  3.6103e-01
        0.00000  2.00040e+01  3.7763e-01
        0.05000  1.96512e+01  3.3982e-01
        0.10000  1.79133e+01  3.0324e-01
        0.15000  1.56022e+01  2.9724e-01
        0.20000  1.26724e+01  2.8726e-01
        0.25000  9.12349e+00  2.3944e-01
        0.30000  6.00391e+00  1.7451e-01
        0.35000  3.79574e+00  1.3374e-01
        0.40000  2.07499e+00  1.1586e-01
        0.45000  9.15639e-01  7.6449e-02
        0.50000  4.92817e-01  5.1416e-02
        0.55000  2.86501e-01  4.1776e-02
        0.60000  1.78537e-01  3.2105e-02
        0.65000  1.56747e-01  2.7043e-02
        0.70000  1.68245e-01  2.6016e-02
        0.75000  1.42471e-01  3.4377e-02
        0.80000  1.38317e-01  3.2112e-02
        0.85000  1.36258e-01  3.4121e-02
        0.90000  1.06862e-01  2.8450e-02
        0.95000  1.18959e-01  1.8465e-02
        1.00000  1.08947e-01  2.9603e-02
        1.05000  9.06436e-02  1.1011e-02
        1.10000  1.22081e-01  2.1370e-02
        1.15000  1.11280e-01  1.4166e-02
        1.20000  9.46267e-02  2.0190e-02
        1.25000  9.22149e-02  2.0166e-02
        1.30000  9.34578e-02  1.7444e-02
        1.35000  8.84868e-02  2.3431e-02
        1.40000  9.30426e-02  1.7941e-02
        1.45000  8.68348e-02  2.0616e-02
        1.50000  1.05032e-01  2.4000e-02
        1.55000  7.70658e-02  2.1488e-02
        1.60000  7.44110e-02  1.6400e-02
        1.65000  7.32467e-02  1.5079e-02
        1.70000  7.32226e-02  1.1626e-02
        1.75000  5.53354e-02  1.3328e-02
        1.80000  5.94268e-02  1.3141e-02
        1.85000  4.74044e-02  2.4065e-02
        1.90000  4.75359e-02  1.6709e-02
        1.95000  6.61082e-02  2.1371e-02
        2.00000  3.62660e-02  1.7729e-02
        2.05000  4.69266e-02  1.5020e-02
        2.10000  4.75837e-02  1.7586e-02
        2.15000  4.58965e-02  1.0702e-02
        2.20000  3.41648e-02  2.4322e-02
        2.25000  2.85042e-02  2.1369e-02
        2.30000  1.94878e-02  1.9670e-02
        2.35000  2.19595e-02  2.0553e-02
        2.40000  1.41216e-02  1.1825e-02
        2.45000  2.51608e-02  1.2064e-02
        2.50000  2.32423e-02  1.8426e-02
        2.55000  2.76764e-02  1.1810e-02
        2.60000  3.41444e-02  9.3662e-03
        2.65000  2.54075e-02  1.0205e-02
        2.70000  2.77131e-02  1.5562e-02
        2.75000  8.72961e-03  1.4406e-02
        2.80000  1.63903e-02  1.0661e-02
        2.85000  1.90070e-02  1.4427e-02
        2.90000  1.25361e-02  3.0151e-03
        2.95000  2.59399e-02  1.1539e-02
        3.00000  1.70327e-02  1.0138e-02
        3.05000  1.36219e-02  1.2285e-02
        3.10000  1.87162e-02  1.2327e-02
        3.15000  1.84924e-02  1.5353e-02
        3.20000  1.09600e-02  8.5674e-03
        3.25000  2.65769e-02  9.0630e-03
        3.30000  1.69118e-02  8.7443e-03
        3.35000  1.82001e-02  9.3471e-03
        3.40000  1.51252e-02  2.1079e-02
        3.45000  1.19417e-02  1.2439e-02
        3.50000  1.83235e-02  1.1600e-02
        3.55000  1.61460e-02  1.2724e-02
        3.60000  1.21539e-02  7.2562e-03
        3.65000  2.28764e-02  1.1590e-02
        3.70000  1.46778e-02  1.1143e-02
        3.75000  5.47644e-03  1.1021e-02
        3.80000  1.67666e-02  1.5168e-02
        3.85000  1.16705e-02  7.2928e-03
        3.90000  1.57807e-02  5.5325e-03
        3.95000  1.70606e-02  2.0116e-02
        4.00000  1.01576e-02  9.1829e-03
        4.05000  1.08804e-02  1.2773e-02
        4.10000  5.96723e-03  6.3433e-03
        4.15000  1.43196e-02  8.1265e-03
        4.20000  1.69910e-02  1.7277e-02
        4.25000  1.65587e-02  9.4702e-03
        4.30000  5.42928e-03  1.6657e-02
        4.35000  4.21683e-03  1.5743e-03
        4.40000  1.95566e-02  1.6436e-02
        4.45000  1.82129e-02  1.8350e-02
        4.50000  1.61152e-02  1.5991e-02
        4.55000  1.47825e-02  9.6304e-03
        4.60000  1.16161e-02  2.0841e-02
        4.65000  5.11880e-03  1.4232e-02
        4.70000  1.53757e-02  1.6117e-02
        4.75000  7.01396e-03  0.0000e+00
        4.80000  1.23309e-02  3.2806e-03
  209    1    2    0    0    0    0  206
Vana,cold,2.5A (53784)
 6.0000  13.088  2.5133  276.030   1.0 0
                  0.0000  4.0000  0.0000
       -5.45000  9.65867e-03  5.2976e-03
       -5.40000  1.14264e-02  5.0993e-03
       -5.35000  9.48321e-03  3.7371e-03
       -5.30000  8.29085e-03  4.2345e-03
       -5.25000  9.16898e-03  0.0000e+00
       -5.20000  1.16659e-02  6.5758e-03
       -5.15000  1.26745e-02  5.2402e-03
       -5.10000  1.34714e-02  5.7025e-03
       -5.05000  1.75921e-02  5.9497e-03
       -5.00000  1.15394e-02  4.3853e-03
       -4.95000  9.40828e-03  4.7123e-03
       -4.90000  9.53440e-03  8.1155e-03
       -4.85000  1.24573e-02  5.8984e-03
       -4.80000  1.10903e-02  7.6270e-03
       -4.75000  1.27644e-02  7.1031e-03
       -4.70000  1.47025e-02  8.1681e-03
       -4.65000  1.20028e-02  1.0359e-02
       -4.60000  1.63245e-02  5.6003e-03
       -4.55000  1.18861e-02  5.3750e-03
       -4.50000  5.87323e-03  7.3113e-03
       -4.45000  8.22682e-03  6.1521e-03
       -4.40000  1.24459e-02  5.8550e-04
       -4.35000  8.77749e-03  6.0803e-03
       -4.30000  5.55182e-03  7.0084e-03
       -4.25000  4.63415e-03  7.4836e-03
       -4.20000  8.27116e-03  3.7376e-03
       -4.15000  9.53583e-03  5.2874e-03
       -4.10000  1.03717e-02  4.5397e-03
       -4.05000  1.09325e-02  5.2473e-03
       -4.00000  1.19168e-02  8.1959e-03
       -3.95000  7.01367e-03  7.0623e-03
       -3.90000  7.59057e-03  6.4589e-03
       -3.85000  1.44784e-02  6.4395e-03
       -3.80000  1.52109e-02  6.2253e-03
       -3.75000  9.42078e-03  6.7068e-03
       -3.70000  2.56226e-03  6.6098e-03
       -3.65000  5.86990e-03  3.8652e-03
       -3.60000  4.93281e-03  5.8496e-03
       -3.55000  9.09106e-03  9.7832e-03
       -3.50000  1.23652e-02  9.8943e-03
       -3.45000  1.21108e-02  8.8030e-03
       -3.40000  7.49866e-03  9.1309e-03
       -3.35000  4.80142e-03  9.7475e-03
       -3.30000  1.40723e-02  1.0659e-02
       -3.25000  1.42955e-02  5.7271e-03
       -3.20000  1.79802e-02  6.5395e-03
       -3.15000  2.06420e-02  5.3028e-03
       -3.10000  1.72761e-02  3.1370e-03
       -3.05000  1.35249e-02  8.0823e-03
       -3.00000  1.98757e-02  6.4493e-03
       -2.95000  1.28587e-02  1.4288e-02
       -2.90000  4.25266e-03  1.0223e-02
       -2.85000  4.57305e-03  1.2957e-02
       -2.80000  4.32914e-03  1.1054e-02
       -2.75000  6.46383e-03  7.2534e-03
       -2.70000  8.55930e-03  8.8751e-03
       -2.65000  8.09292e-03  1.0902e-02
       -2.60000  8.12497e-03  9.2146e-03
       -2.55000  1.10871e-02  8.8037e-03
       -2.50000  1.16396e-02  1.2912e-02
       -2.45000  1.91338e-02  7.3838e-03
       -2.40000  2.06508e-02  2.0311e-02
       -2.35000  1.36651e-02  1.2826e-02
       -2.30000  1.41625e-02  6.5663e-04
       -2.25000  2.08134e-02  1.0885e-02
       -2.20000  3.67917e-03  1.4972e-02
       -2.15000  1.34340e-02  9.4930e-03
       -2.10000  1.91050e-02  1.0411e-02
       -2.05000  1.76905e-02  6.5776e-03
       -2.00000  1.41022e-02  1.0814e-02
       -1.95000  1.38853e-02  1.1800e-02
       -1.90000  1.55410e-02  1.1982e-02
       -1.85000  1.54143e-02  7.6983e-03
       -1.80000  9.73919e-03  4.3442e-03
       -1.75000  1.02619e-02  5.4888e-03
       -1.70000  1.58376e-02  9.7311e-03
       -1.65000  1.62703e-02  9.5373e-03
       -1.60000  1.08347e-02  8.9540e-03
       -1.55000  1.24602e-02  1.0731e-02
       -1.50000  1.04919e-02  7.7650e-03
       -1.45000  1.46628e-02  9.7838e-03
       -1.40000  1.02974e-02  1.0217e-02
       -1.35000  6.81350e-03  2.9029e-03
       -1.30000  1.15314e-02  1.3012e-03
       -1.25000  1.97314e-02  8.9921e-03
       -1.20000  1.71893e-02  1.9981e-02
       -1.15000  3.85864e-03  1.2406e-02
       -1.10000  2.35003e-02  1.6538e-02
       -1.05000  3.05292e-02  9.7294e-03
       -1.00000  2.02550e-02  1.0406e-02
       -0.95000  2.15565e-02  9.5058e-03
       -0.90000  1.69641e-02  6.2651e-03
       -0.85000  1.53420e-02  3.8800e-03
       -0.80000  1.64042e-02  8.5895e-03
       -0.75000  1.29489e-02  1.0250e-02
       -0.70000  1.50276e-02  1.1044e-02
       -0.65000  2.00673e-02  2.0869e-02
       -0.60000  7.25426e-02  2.6997e-02
       -0.55000  2.05970e-01  3.8809e-02
       -0.50000  5.59300e-01  5.6089e-02
       -0.45000  1.21973e+00  8.2903e-02
       -0.40000  2.43165e+00  1.1297e-01
       -0.35000  4.06954e+00  1.6436e-01
       -0.30000  6.44570e+00  2.2101e-01
       -0.25000  9.75592e+00  2.6344e-01
       -0.20000  1.25265e+01  2.6774e-01
       -0.15000  1.52110e+01  2.8274e-01
       -0.10000  1.73560e+01  3.2654e-01
       -0.05000  1.91735e+01  3.7781e-01
        0.00000  1.97589e+01  3.8566e-01
        0.05000  1.95004e+01  3.4971e-01
        0.10000  1.76996e+01  3.0081e-01
        0.15000  1.51259e+01  2.9170e-01
        0.20000  1.22592e+01  2.8431e-01
        0.25000  8.82498e+00  2.3411e-01
        0.30000  5.94801e+00  1.7018e-01
        0.35000  3.55883e+00  1.2767e-01
        0.40000  2.01761e+00  1.0144e-01
        0.45000  9.13011e-01  7.5435e-02
        0.50000  4.66398e-01  4.8925e-02
        0.55000  2.58357e-01  3.2761e-02
        0.60000  2.06458e-01  4.6295e-02
        0.65000  1.71938e-01  3.2470e-02
        0.70000  1.48273e-01  2.8227e-02
        0.75000  1.32294e-01  2.1976e-02
        0.80000  1.24994e-01  2.8010e-02
        0.85000  1.29273e-01  2.5740e-02
        0.90000  9.82529e-02  2.4027e-02
        0.95000  8.97445e-02  2.7026e-02
        1.00000  7.18485e-02  1.9914e-02
        1.05000  7.73839e-02  2.7364e-02
        1.10000  7.55850e-02  2.3211e-02
        1.15000  6.64909e-02  3.2813e-02
        1.20000  5.90717e-02  3.0610e-02
        1.25000  4.97001e-02  1.5988e-02
        1.30000  6.88958e-02  2.4145e-02
        1.35000  5.64794e-02  2.0832e-02
        1.40000  6.16984e-02  2.4431e-02
        1.45000  5.75933e-02  2.2057e-02
        1.50000  5.61262e-02  1.5476e-02
        1.55000  4.36959e-02  1.8917e-02
        1.60000  5.89688e-02  1.3700e-02
        1.65000  6.76990e-02  1.3354e-02
        1.70000  3.88194e-02  1.5942e-02
        1.75000  2.69766e-02  9.8617e-03
        1.80000  3.21376e-02  1.5781e-02
        1.85000  4.48011e-02  2.1891e-02
        1.90000  3.56438e-02  1.4954e-02
        1.95000  2.77130e-02  1.4850e-02
        2.00000  4.12837e-02  1.6560e-02
        2.05000  2.85801e-02  5.7916e-03
        2.10000  2.39069e-02  1.4774e-02
        2.15000  2.18546e-02  2.2017e-02
        2.20000  3.56862e-02  1.8304e-02
        2.25000  1.64797e-02  1.3802e-02
        2.30000  1.37736e-02  1.6228e-02
        2.35000  3.88633e-02  1.6706e-02
        2.40000  2.29282e-02  1.3326e-02
        2.45000  9.94546e-03  1.5756e-02
        2.50000  1.63266e-02  1.0642e-02
        2.55000  2.37009e-02  1.7367e-02
        2.60000  1.84433e-02  1.8831e-02
        2.65000  1.40262e-02  1.6212e-02
        2.70000  1.01388e-02  1.4024e-02
        2.75000  1.95394e-02  1.5233e-02
        2.80000  2.40669e-02  1.2563e-02
        2.85000  2.79801e-02  6.2857e-03
        2.90000  1.54905e-02  1.8295e-02
        2.95000  2.09304e-02  1.2272e-02
        3.00000  2.19853e-02  1.1678e-02
        3.05000  3.09927e-02  9.3506e-03
        3.10000  3.85805e-02  1.3963e-02
        3.15000  1.74628e-02  7.7187e-03
        3.20000  2.80955e-02  1.1057e-02
        3.25000  1.66447e-02  7.1359e-03
        3.30000  1.33625e-02  1.2281e-02
        3.35000  1.68417e-02  1.0902e-02
        3.40000  1.01380e-02  1.1780e-02
        3.45000  2.42360e-02  1.4904e-02
        3.50000  2.33378e-02  1.1544e-02
        3.55000  2.16569e-02  1.0666e-02
        3.60000  1.93059e-02  9.1365e-03
        3.65000  1.45741e-02  1.3289e-02
        3.70000  1.53722e-02  1.4921e-02
        3.75000  2.17848e-02  1.0051e-02
        3.80000  2.19634e-02  1.1751e-02
        3.85000  1.03285e-02  2.0701e-03
        3.90000  1.91708e-02  9.0281e-03
        3.95000  1.90754e-02  1.8573e-02
        4.00000  2.62623e-02  2.0517e-02
        4.05000  1.78337e-02  1.4829e-02
        4.10000  5.58622e-03  1.2389e-02
        4.15000  1.32605e-02  4.8694e-03
        4.20000  1.44125e-02  1.3717e-02
        4.25000  5.55989e-03  9.6719e-03
        4.30000  1.02601e-02  1.3237e-03
        4.35000  1.17798e-02  9.4963e-03
        4.40000  1.60401e-02  1.2981e-02
        4.45000  1.79378e-02  1.1007e-02
        4.50000  1.79469e-02  1.3549e-02
        4.55000  2.44618e-02  5.7442e-03
        4.60000  1.61905e-02  1.3405e-02
        4.65000  2.15938e-02  1.2934e-02
        4.70000  1.86070e-02  1.7821e-02
        4.75000  1.22496e-02  8.9936e-03
        4.80000  5.46524e-03  1.2721e-02
  209    1    2    0    0    0    0  206
Vana,cold,2.5A (53784)
 7.0000  13.088  2.5133  276.030   1.0 0
                  0.0000  4.0000  0.0000
       -5.45000  8.05043e-03  7.1170e-03
       -5.40000  9.04047e-03  5.4255e-03
       -5.35000  6.26725e-03  5.1507e-03
       -5.30000  4.97990e-03  6.7007e-03
       -5.25000  1.04461e-02  8.0580e-03
       -5.20000  1.22908e-02  7.1278e-03
       -5.15000  1.12021e-02  5.5664e-03
       -5.10000  9.24582e-03  6.0823e-03
       -5.05000  1.24447e-02  7.9595e-03
       -5.00000  9.96848e-03  6.9295e-03
       -4.95000  1.10538e-02  6.1555e-03
       -4.90000  1.46337e-02  8.2510e-03
       -4.85000  1.39963e-02  6.0723e-03
       -4.80000  1.51894e-02  8.4117e-03
       -4.75000  1.39712e-02  7.1317e-03
       -4.70000  1.15161e-02  5.9500e-03
       -4.65000  1.14013e-02  1.2492e-02
       -4.60000  1.30633e-02  7.3535e-03
       -4.55000  1.26922e-02  5.4280e-03
       -4.50000  1.20059e-02  5.1663e-03
       -4.45000  1.01763e-02  6.2512e-03
       -4.40000  7.50906e-03  8.2996e-03
       -4.35000  1.17264e-02  6.7064e-03
       -4.30000  1.20510e-02  6.3348e-03
       -4.25000  7.84981e-03  5.6417e-03
       -4.20000  9.54678e-03  0.0000e+00
       -4.15000  1.10220e-02  9.6736e-03
       -4.10000  1.38039e-02  7.0819e-03
       -4.05000  1.73653e-02  6.2975e-03
       -4.00000  1.90788e-02  8.0658e-03
       -3.95000  1.13670e-02  6.4152e-03
       -3.90000  1.78011e-02  8.2800e-04
       -3.85000  1.49029e-02  7.5217e-03
       -3.80000  9.64848e-03  7.3993e-03
       -3.75000  9.59630e-03  6.0525e-03
       -3.70000  2.34482e-02  6.3029e-03
       -3.65000  9.17949e-03  4.4284e-07
       -3.60000  1.53739e-02  8.7931e-03
       -3.55000  1.92257e-02  7.0439e-03
       -3.50000  1.50693e-02  5.9663e-03
       -3.45000  9.02457e-03  5.6513e-03
       -3.40000  1.33136e-02  9.4155e-03
       -3.35000  1.45385e-02  7.9393e-03
       -3.30000  6.68320e-03  1.0808e-02
       -3.25000  7.59333e-03  4.8140e-03
       -3.20000  1.65456e-02  7.5999e-03
       -3.15000  1.39963e-02  7.1623e-03
       -3.10000  7.88319e-03  5.5570e-03
       -3.05000  1.47566e-02  7.0359e-03
       -3.00000  9.95129e-03  6.9128e-03
       -2.95000  1.61600e-02  3.1429e-03
       -2.90000  7.71506e-03  7.8629e-03
       -2.85000  1.29637e-02  1.2053e-02
       -2.80000  1.26050e-02  8.2205e-03
       -2.75000  1.36827e-02  7.4750e-03
       -2.70000  1.38925e-02  6.0953e-03
       -2.65000  1.69445e-02  6.8921e-03
       -2.60000  2.15801e-02  9.7090e-03
       -2.55000  1.70490e-02  1.0642e-02
       -2.50000  8.94615e-03  1.1705e-02
       -2.45000  2.10124e-02  2.2880e-03
       -2.40000  2.23210e-02  1.0788e-02
       -2.35000  2.65603e-02  8.3691e-03
       -2.30000  1.78598e-02  1.1399e-02
       -2.25000  2.02521e-02  1.4097e-02
       -2.20000  1.54488e-02  7.6320e-03
       -2.15000  1.40176e-02  8.9522e-03
       -2.10000  1.00768e-02  7.0204e-03
       -2.05000  1.41009e-02  9.7951e-03
       -2.00000  1.65679e-02  7.7548e-03
       -1.95000  1.97126e-02  6.8632e-03
       -1.90000  1.46915e-02  6.6195e-03
       -1.85000  1.01131e-02  6.8913e-03
       -1.80000  1.15461e-02  7.6907e-03
       -1.75000  1.96158e-02  6.4067e-03
       -1.70000  2.31980e-02  1.0546e-02
       -1.65000  1.40158e-02  9.7276e-03
       -1.60000  1.88207e-02  1.0918e-02
       -1.55000  2.39515e-02  7.5963e-03
       -1.50000  1.82624e-02  3.7794e-03
       -1.45000  1.26661e-02  9.7968e-03
       -1.40000  1.52971e-02  7.5085e-03
       -1.35000  1.90918e-02  1.2431e-02
       -1.30000  1.37645e-02  7.5558e-03
       -1.25000  1.83106e-02  1.1430e-03
       -1.20000  1.43532e-02  5.9665e-03
       -1.15000  1.99596e-02  1.1456e-02
       -1.10000  1.10496e-02  1.0754e-02
       -1.05000  2.35007e-02  1.3675e-02
       -1.00000  2.27115e-02  1.1329e-02
       -0.95000  2.48543e-02  8.7219e-03
       -0.90000  2.42572e-02  5.3095e-03
       -0.85000  2.33119e-02  6.3700e-03
       -0.80000  2.36798e-02  1.1880e-02
       -0.75000  3.68623e-02  1.3268e-02
       -0.70000  2.60030e-02  8.8794e-03
       -0.65000  3.29225e-02  1.6405e-02
       -0.60000  9.13255e-02  1.9848e-02
       -0.55000  2.37952e-01  2.8786e-02
       -0.50000  5.54117e-01  4.4924e-02
       -0.45000  1.24830e+00  6.7844e-02
       -0.40000  2.40494e+00  9.9140e-02
       -0.35000  4.13288e+00  1.4269e-01
       -0.30000  6.44446e+00  1.9531e-01
       -0.25000  9.33624e+00  2.2811e-01
       -0.20000  1.23165e+01  2.2845e-01
       -0.15000  1.50755e+01  2.4968e-01
       -0.10000  1.72822e+01  2.8510e-01
       -0.05000  1.89320e+01  3.3568e-01
        0.00000  1.97126e+01  3.5673e-01
        0.05000  1.91525e+01  3.1011e-01
        0.10000  1.76123e+01  2.7598e-01
        0.15000  1.52027e+01  2.6931e-01
        0.20000  1.22631e+01  2.5295e-01
        0.25000  9.06567e+00  2.1756e-01
        0.30000  5.95816e+00  1.6387e-01
        0.35000  3.81253e+00  1.2796e-01
        0.40000  2.04058e+00  1.0832e-01
        0.45000  8.21281e-01  7.1845e-02
        0.50000  4.73891e-01  4.6536e-02
        0.55000  3.14076e-01  4.0351e-02
        0.60000  2.17586e-01  2.6630e-02
        0.65000  1.91302e-01  3.0557e-02
        0.70000  1.80465e-01  2.6115e-02
        0.75000  1.73958e-01  2.2937e-02
        0.80000  1.34857e-01  2.9037e-02
        0.85000  1.30524e-01  2.7278e-02
        0.90000  1.15458e-01  2.7748e-02
        0.95000  1.16165e-01  2.2557e-02
        1.00000  9.46038e-02  1.8965e-02
        1.05000  7.21622e-02  2.2029e-02
        1.10000  6.59434e-02  1.8129e-02
        1.15000  6.70439e-02  1.8800e-02
        1.20000  6.98792e-02  2.1888e-02
        1.25000  6.57220e-02  2.0514e-02
        1.30000  7.14392e-02  2.0183e-02
        1.35000  6.21172e-02  2.0058e-02
        1.40000  5.47577e-02  1.2442e-02
        1.45000  4.95240e-02  1.6577e-02
        1.50000  4.53408e-02  1.6980e-02
        1.55000  5.53941e-02  5.2994e-03
        1.60000  5.40952e-02  1.8337e-02
        1.65000  4.86029e-02  1.7601e-02
        1.70000  3.38097e-02  2.1641e-02
        1.75000  3.34486e-02  2.1120e-02
        1.80000  3.43993e-02  1.5600e-02
        1.85000  4.84438e-02  1.4356e-02
        1.90000  3.25381e-02  1.6195e-02
        1.95000  3.43998e-02  1.7052e-02
        2.00000  3.54918e-02  1.9592e-02
        2.05000  1.76256e-02  1.9099e-02
        2.10000  3.86735e-02  1.9649e-02
        2.15000  4.19946e-02  2.0793e-02
        2.20000  4.38737e-02  1.7269e-02
        2.25000  5.33511e-02  1.5289e-02
        2.30000  2.06267e-02  1.2657e-02
        2.35000  2.61061e-02  1.3122e-02
        2.40000  3.38906e-02  1.6637e-02
        2.45000  4.93076e-02  8.4968e-03
        2.50000  4.34361e-02  1.6473e-02
        2.55000  4.02255e-02  6.9467e-03
        2.60000  3.80202e-02  1.2610e-02
        2.65000  4.34977e-02  7.2874e-03
        2.70000  3.26675e-02  1.7520e-02
        2.75000  3.54480e-02  1.0900e-02
        2.80000  2.95582e-02  1.0568e-02
        2.85000  5.51275e-02  1.5063e-02
        2.90000  4.62601e-02  1.0497e-02
        2.95000  4.05737e-02  9.8533e-03
        3.00000  3.88732e-02  1.1843e-02
        3.05000  4.32157e-02  6.3213e-03
        3.10000  5.37095e-02  1.5074e-02
        3.15000  3.34248e-02  2.1827e-02
        3.20000  5.70663e-02  1.2361e-02
        3.25000  5.14381e-02  1.3801e-02
        3.30000  4.12520e-02  1.8451e-02
        3.35000  3.87371e-02  1.3286e-02
        3.40000  3.43471e-02  5.7444e-03
        3.45000  2.68453e-02  1.1623e-02
        3.50000  3.93199e-02  8.6026e-03
        3.55000  4.13133e-02  1.3505e-02
        3.60000  2.76942e-02  8.9795e-03
        3.65000  4.16293e-02  1.4469e-02
        3.70000  7.43447e-02  1.4744e-02
        3.75000  8.45286e-02  1.9323e-02
        3.80000  1.00693e-01  1.0004e-02
        3.85000  1.25019e-01  2.0163e-02
        3.90000  1.18160e-01  1.3059e-02
        3.95000  1.30024e-01  9.2763e-03
        4.00000  1.30670e-01  1.5092e-02
        4.05000  1.15296e-01  1.2774e-02
        4.10000  1.06270e-01  1.5826e-02
        4.15000  9.57406e-02  1.4842e-02
        4.20000  8.25823e-02  1.5698e-02
        4.25000  4.90700e-02  1.3860e-02
        4.30000  5.38438e-02  5.4642e-03
        4.35000  4.25858e-02  1.0259e-02
        4.40000  3.37439e-02  1.7587e-02
        4.45000  3.23802e-02  8.9749e-03
        4.50000  4.07901e-02  1.1159e-02
        4.55000  5.11797e-02  1.6426e-03
        4.60000  3.64662e-02  0.0000e+00
        4.65000  3.80490e-02  1.1858e-02
        4.70000  4.34979e-02  9.7373e-03
        4.75000  4.95530e-02  1.2202e-02
        4.80000  2.40730e-02  1.5882e-02
  209    1    2    0    0    0    0  206
Vana,cold,2.5A (53784)
 8.0000  13.088  2.5133  276.030   1.0 0
                  0.0000  4.0000  0.0000
       -5.45000  1.17532e-02  8.3414e-03
       -5.40000  3.01023e-03  6.4653e-03
       -5.35000  1.09386e-02  3.8373e-03
       -5.30000  1.65908e-02  3.5639e-03
       -5.25000  1.62476e-02  0.0000e+00
       -5.20000  1.96965e-02  5.8987e-03
       -5.15000  1.74040e-02  5.9643e-03
       -5.10000  1.18228e-02  9.4537e-03
       -5.05000  1.03174e-02  5.0222e-03
       -5.00000  1.51737e-02  7.0989e-03
       -4.95000  1.83604e-02  7.1621e-03
       -4.90000  2.00294e-02  1.0161e-02
       -4.85000  1.63665e-02  7.9921e-03
       -4.80000  1.46310e-02  2.1141e-03
       -4.75000  1.42004e-02  2.3104e-03
       -4.70000  1.41759e-02  5.0056e-03
       -4.65000  1.39186e-02  9.7383e-04
       -4.60000  1.28115e-02  9.7342e-03
       -4.55000  1.49723e-02  7.0752e-03
       -4.50000  1.84549e-02  5.7203e-03
       -4.45000  2.73282e-02  5.3311e-03
       -4.40000  2.06277e-02  5.0721e-04
       -4.35000  1.24769e-02  4.5760e-03
       -4.30000  9.38354e-03  5.7230e-03
       -4.25000  1.31894e-02  8.1710e-03
       -4.20000  1.81489e-02  7.9710e-03
       -4.15000  1.59735e-02  8.8299e-03
       -4.10000  1.62960e-02  7.0100e-03
       -4.05000  1.77973e-02  6.5296e-03
       -4.00000  2.05845e-02  5.9459e-03
       -3.95000  9.01698e-03  5.0151e-03
       -3.90000  1.58252e-02  8.4284e-03
       -3.85000  1.77919e-02  3.5414e-03
       -3.80000  1.44510e-02  2.2228e-03
       -3.75000  8.08895e-03  4.4338e-03
       -3.70000  7.34010e-03  8.4927e-03
       -3.65000  1.60071e-02  1.0072e-04
       -3.60000  1.60761e-02  6.0575e-03
       -3.55000  2.17765e-02  5.3786e-03
       -3.50000  1.77109e-02  4.5051e-03
       -3.45000  9.32129e-03  5.0279e-03
       -3.40000  1.01062e-02  7.9674e-03
       -3.35000  1.54458e-02  9.3432e-03
       -3.30000  1.46110e-02  8.0214e-03
       -3.25000  1.27411e-02  9.9018e-03
       -3.20000  1.46695e-02  6.9366e-03
       -3.15000  1.63452e-02  5.8303e-03
       -3.10000  1.54750e-02  6.3666e-03
       -3.05000  1.42627e-02  7.2220e-03
       -3.00000  2.23983e-02  7.3681e-03
       -2.95000  1.51697e-02  1.1230e-02
       -2.90000  1.68046e-02  9.4437e-03
       -2.85000  1.22906e-02  8.1354e-03
       -2.80000  1.15682e-02  5.1097e-03
       -2.75000  1.87347e-02  5.5161e-03
       -2.70000  2.07155e-02  5.0729e-03
       -2.65000  1.77266e-02  6.0655e-03
       -2.60000  1.64672e-02  9.7016e-03
       -2.55000  1.69155e-02  1.2676e-02
       -2.50000  1.71230e-02  5.6693e-03
       -2.45000  1.41540e-02  1.4311e-02
       -2.40000  1.74449e-02  1.2999e-02
       -2.35000  2.40705e-02  0.0000e+00
       -2.30000  1.94999e-02  2.2248e-03
       -2.25000  1.96730e-02  1.1841e-02
       -2.20000  1.26120e-02  1.2484e-02
       -2.15000  8.01221e-03  1.1586e-02
       -2.10000  1.71787e-02  8.0389e-03
       -2.05000  1.73131e-02  7.3447e-03
       -2.00000  1.62107e-02  6.0567e-03
       -1.95000  1.68169e-02  2.6844e-03
       -1.90000  2.41982e-02  4.1524e-03
       -1.85000  1.86973e-02  4.9622e-03
       -1.80000  1.91613e-02  6.4093e-03
       -1.75000  2.15376e-02  9.3275e-03
       -1.70000  2.10936e-02  1.0451e-02
       -1.65000  2.31404e-02  1.0192e-02
       -1.60000  2.15911e-02  1.1651e-02
       -1.55000  1.83852e-02  9.7295e-03
       -1.50000  2.38921e-02  6.4597e-03
       -1.45000  2.00710e-02  5.6604e-03
       -1.40000  1.04475e-02  1.9425e-03
       -1.35000  2.06797e-02  1.3683e-02
       -1.30000  2.15081e-02  1.1592e-02
       -1.25000  1.88253e-02  9.3216e-03
       -1.20000  1.89649e-02  9.9086e-03
       -1.15000  1.04154e-02  1.2088e-02
       -1.10000  1.91748e-02  1.4882e-03
       -1.05000  1.76467e-02  1.3018e-02
       -1.00000  2.26711e-02  1.1233e-02
       -0.95000  2.35121e-02  9.4929e-03
       -0.90000  2.23751e-02  7.8989e-03
       -0.85000  2.21009e-02  9.5105e-03
       -0.80000  2.65563e-02  9.1980e-03
       -0.75000  4.08781e-02  8.0434e-03
       -0.70000  3.31757e-02  6.5795e-03
       -0.65000  3.75104e-02  1.1667e-02
       -0.60000  7.83973e-02  1.1771e-02
       -0.55000  2.10788e-01  2.7871e-02
       -0.50000  5.47279e-01  3.7378e-02
       -0.45000  1.16847e+00  6.0684e-02
       -0.40000  2.24003e+00  9.4136e-02
       -0.35000  3.71783e+00  1.2973e-01
       -0.30000  5.61120e+00  1.7649e-01
       -0.25000  8.72114e+00  1.9588e-01
       -0.20000  1.13956e+01  2.0358e-01
       -0.15000  1.40482e+01  2.1966e-01
       -0.10000  1.64711e+01  2.4639e-01
       -0.05000  1.81567e+01  2.8405e-01
        0.00000  1.87989e+01  3.0410e-01
        0.05000  1.86542e+01  2.8882e-01
        0.10000  1.69928e+01  2.6402e-01
        0.15000  1.48183e+01  2.5067e-01
        0.20000  1.19856e+01  2.4554e-01
        0.25000  8.88467e+00  2.1188e-01
        0.30000  6.01160e+00  1.5529e-01
        0.35000  3.80875e+00  1.2270e-01
        0.40000  2.02361e+00  1.0135e-01
        0.45000  9.14001e-01  6.5738e-02
        0.50000  4.02900e-01  4.2206e-02
        0.55000  2.16376e-01  3.1687e-02
        0.60000  1.35858e-01  2.8609e-02
        0.65000  1.25832e-01  2.2293e-02
        0.70000  1.32627e-01  2.5066e-02
        0.75000  1.05066e-01  3.3924e-02
        0.80000  1.15710e-01  2.9553e-02
        0.85000  1.07307e-01  2.3931e-02
        0.90000  8.64827e-02  2.9905e-02
        0.95000  8.68834e-02  2.5037e-02
        1.00000  9.80435e-02  2.9258e-02
        1.05000  8.07164e-02  2.9458e-02
        1.10000  7.95955e-02  2.5661e-02
        1.15000  7.82738e-02  2.7463e-02
        1.20000  8.73289e-02  2.8229e-02
        1.25000  7.33907e-02  2.2636e-02
        1.30000  7.87724e-02  2.4245e-02
        1.35000  6.09456e-02  2.4025e-02
        1.40000  5.71740e-02  2.7425e-02
        1.45000  6.17385e-02  2.6862e-02
        1.50000  6.24366e-02  2.4386e-02
        1.55000  6.17556e-02  2.2430e-02
        1.60000  4.94215e-02  2.0524e-02
        1.65000  4.71098e-02  2.1714e-02
        1.70000  4.88104e-02  2.0897e-02
        1.75000  4.40099e-02  2.3500e-02
        1.80000  5.08337e-02  1.5555e-02
        1.85000  4.49814e-02  1.5863e-02
        1.90000  2.96203e-02  1.3000e-02
        1.95000  4.60594e-02  1.2745e-02
        2.00000  4.40574e-02  1.4633e-02
        2.05000  3.47472e-02  1.5853e-02
        2.10000  3.90567e-02  1.2964e-02
        2.15000  3.50973e-02  7.2387e-03
        2.20000  2.92529e-02  1.1130e-02
        2.25000  3.15211e-02  9.0231e-03
        2.30000  2.36138e-02  1.4405e-02
        2.35000  2.72012e-02  1.3299e-02
        2.40000  2.98083e-02  9.6334e-03
        2.45000  4.33189e-02  8.7759e-03
        2.50000  3.01487e-02  1.1294e-02
        2.55000  2.93487e-02  1.2290e-02
        2.60000  2.41541e-02  8.5534e-03
        2.65000  2.75868e-02  8.7580e-03
        2.70000  2.55964e-02  1.2587e-02
        2.75000  2.81310e-02  1.2842e-02
        2.80000  2.31933e-02  1.3058e-02
        2.85000  3.47201e-02  8.2063e-03
        2.90000  2.69340e-02  1.1232e-02
        2.95000  2.22912e-02  1.1652e-02
        3.00000  2.99967e-02  5.8093e-03
        3.05000  2.53943e-02  8.1616e-03
        3.10000  2.56693e-02  9.8966e-03
        3.15000  3.91690e-02  1.2453e-02
        3.20000  2.93771e-02  8.4736e-03
        3.25000  2.58865e-02  1.1597e-02
        3.30000  3.14964e-02  1.4569e-02
        3.35000  2.51451e-02  8.6974e-03
        3.40000  2.80425e-02  1.1279e-02
        3.45000  2.66618e-02  1.0970e-02
        3.50000  2.84703e-02  1.1244e-02
        3.55000  2.67111e-02  1.0446e-02
        3.60000  1.52149e-02  8.1981e-03
        3.65000  1.81854e-02  6.8316e-03
        3.70000  2.00381e-02  6.1332e-03
        3.75000  1.69702e-02  9.6823e-03
        3.80000  2.51387e-02  1.0245e-02
        3.85000  1.91200e-02  1.3086e-02
        3.90000  2.64367e-02  7.1428e-03
        3.95000  2.84895e-02  8.5892e-03
        4.00000  2.16639e-02  1.0829e-02
        4.05000  2.76044e-02  9.2936e-03
        4.10000  4.19099e-02  1.7205e-02
        4.15000  1.96514e-02  1.0029e-02
        4.20000  2.92831e-02  8.3929e-03
        4.25000  1.76553e-02  7.3345e-03
        4.30000  3.25918e-02  1.0410e-02
        4.35000  3.15064e-02  1.4568e-02
        4.40000  2.11566e-02  8.1372e-03
        4.45000  2.90482e-02  1.0393e-02
        4.50000  2.07982e-02  6.3257e-03
        4.55000  1.76038e-02  6.7904e-03
        4.60000  1.48038e-02  9.4652e-03
        4.65000  3.38892e-02  9.2593e-03
        4.70000  2.73591e-02  1.1902e-03
        4.75000  3.45652e-02  6.6757e-03
        4.80000  2.03109e-02  1.3372e-02
  209    1    2    0    0    0    0  206
Vana,cold,2.5A (53784)
 9.0000  13.088  2.5133  276.030   1.0 0
                  0.0000  4.0000  0.0000
       -5.45000  1.15319e-02  8.8828e-03
       -5.40000  1.51336e-02  6.4750e-03
       -5.35000  1.68366e-02  2.9408e-03
       -5.30000  1.67732e-02  1.4462e-03
       -5.25000  1.55924e-02  7.5680e-03
       -5.20000  1.13634e-02  6.6535e-03
       -5.15000  1.36459e-02  5.8014e-03
       -5.10000  1.76653e-02  7.5668e-03
       -5.05000  1.87089e-02  4.3351e-03
       -5.00000  1.39419e-02  3.4168e-03
       -4.95000  1.31521e-02  2.7547e-03
       -4.90000  1.43404e-02  1.2919e-03
       -4.85000  2.06403e-02  9.7180e-03
       -4.80000  2.30830e-02  4.2783e-03
       -4.75000  2.08231e-02  3.7165e-03
       -4.70000  1.63482e-02  5.8769e-03
       -4.65000  1.76977e-02  8.1692e-03
       -4.60000  1.54939e-02  4.1690e-03
       -4.55000  1.34420e-02  4.2156e-03
       -4.50000  1.31021e-02  5.4705e-03
       -4.45000  1.81776e-02  2.3606e-03
       -4.40000  1.84608e-02  6.0770e-03
       -4.35000  1.63651e-02  6.2437e-03
       -4.30000  1.89813e-02  5.8580e-03
       -4.25000  2.72306e-02  2.0878e-03
       -4.20000  2.22859e-02  6.8420e-03
       -4.15000  1.82885e-02  4.9896e-03
       -4.10000  1.99734e-02  5.7094e-03
       -4.05000  1.92596e-02  6.5926e-03
       -4.00000  1.42941e-02  7.1830e-03
       -3.95000  2.24935e-02  5.0963e-03
       -3.90000  2.36927e-02  3.2018e-03
       -3.85000  1.38579e-02  5.4451e-03
       -3.80000  1.21566e-02  5.7113e-03
       -3.75000  1.78870e-02  6.3929e-03
       -3.70000  1.65125e-02  5.5620e-03
       -3.65000  1.51099e-02  6.7450e-03
       -3.60000  1.42563e-02  7.8783e-03
       -3.55000  1.65758e-02  7.0199e-03
       -3.50000  1.31139e-02  7.1892e-03
       -3.45000  1.10416e-02  7.9926e-03
       -3.40000  2.01514e-02  5.0987e-03
       -3.35000  1.87160e-02  4.3183e-03
       -3.30000  1.56874e-02  3.1750e-03
       -3.25000  2.47110e-02  5.5252e-03
       -3.20000  2.01130e-02  5.0982e-03
       -3.15000  2.11497e-02  4.8815e-03
       -3.10000  2.77309e-02  4.3312e-03
       -3.05000  2.35373e-02  4.3641e-03
       -3.00000  1.61840e-02  7.6144e-03
       -2.95000  6.98505e-03  3.3442e-03
       -2.90000  1.48551e-02  1.0715e-02
       -2.85000  2.04761e-02  6.6713e-03
       -2.80000  2.47031e-02  4.4785e-03
       -2.75000  1.99845e-02  4.4477e-03
       -2.70000  1.84659e-02  6.3175e-03
       -2.65000  2.28876e-02  7.6238e-03
       -2.60000  1.88215e-02  7.1788e-03
       -2.55000  8.36138e-03  5.0114e-03
       -2.50000  1.28733e-02  4.7165e-03
       -2.45000  1.83130e-02  7.4344e-03
       -2.40000  1.53812e-02  7.8364e-03
       -2.35000  2.01276e-02  5.9905e-03
       -2.30000  2.50064e-02  5.4810e-03
       -2.25000  2.49054e-02  7.9195e-03
       -2.20000  2.17823e-02  1.3191e-03
       -2.15000  2.75803e-02  5.7737e-03
       -2.10000  2.27244e-02  8.7731e-03
       -2.05000  2.41573e-02  7.9988e-03
       -2.00000  1.78477e-02  7.1722e-03
       -1.95000  2.32503e-02  6.5695e-03
       -1.90000  2.21526e-02  7.5118e-03
       -1.85000  1.51850e-02  6.3094e-03
       -1.80000  1.67851e-02  1.0179e-02
       -1.75000  1.76944e-02  7.6298e-03
       -1.70000  1.35166e-02  7.2895e-03
       -1.65000  1.10108e-02  6.7588e-03
       -1.60000  2.51340e-02  4.8003e-03
       -1.55000  2.22716e-02  5.6116e-03
       -1.50000  2.27876e-02  7.8024e-03
       -1.45000  1.89599e-02  5.8107e-03
       -1.40000  2.52683e-02  6.1863e-03
       -1.35000  3.51998e-02  5.0617e-03
       -1.30000  2.43202e-02  5.2287e-03
       -1.25000  2.53083e-02  1.0529e-02
       -1.20000  3.18413e-02  9.8508e-03
       -1.15000  5.18261e-02  9.9613e-03
       -1.10000  2.78169e-02  4.9552e-03
       -1.05000  2.83120e-02  9.5630e-03
       -1.00000  1.90233e-02  9.7646e-03
       -0.95000  2.97286e-02  8.2176e-03
       -0.90000  2.74444e-02  8.7601e-03
       -0.85000  2.96028e-02  7.6617e-03
       -0.80000  3.30443e-02  6.0501e-03
       -0.75000  4.76329e-02  9.9988e-03
       -0.70000  2.82968e-02  1.2922e-02
       -0.65000  4.10481e-02  1.3157e-02
       -0.60000  8.50445e-02  1.9429e-02
       -0.55000  2.47793e-01  2.8675e-02
       -0.50000  5.78767e-01  3.9511e-02
       -0.45000  1.16317e+00  5.8922e-02
       -0.40000  2.17176e+00  8.8559e-02
       -0.35000  3.55001e+00  1.2533e-01
       -0.30000  5.71315e+00  1.6870e-01
       -0.25000  8.55181e+00  1.9990e-01
       -0.20000  1.12150e+01  2.0371e-01
       -0.15000  1.39206e+01  2.2112e-01
       -0.10000  1.61152e+01  2.4924e-01
       -0.05000  1.75150e+01  2.9337e-01
        0.00000  1.83535e+01  3.0757e-01
        0.05000  1.78364e+01  2.8517e-01
        0.10000  1.67760e+01  2.4527e-01
        0.15000  1.48638e+01  2.3697e-01
        0.20000  1.18945e+01  2.4062e-01
        0.25000  8.63452e+00  2.0608e-01
        0.30000  5.97238e+00  1.4670e-01
        0.35000  3.66912e+00  1.1170e-01
        0.40000  1.97153e+00  9.5810e-02
        0.45000  8.46956e-01  6.2825e-02
        0.50000  4.05490e-01  3.9051e-02
        0.55000  2.16546e-01  3.0963e-02
        0.60000  1.39226e-01  2.2093e-02
        0.65000  1.20629e-01  2.0187e-02
        0.70000  1.10443e-01  2.1782e-02
        0.75000  1.12966e-01  2.3062e-02
        0.80000  9.24662e-02  2.1810e-02
        0.85000  8.45740e-02  1.8380e-02
        0.90000  9.33427e-02  1.8869e-02
        0.95000  7.13166e-02  2.0597e-02
        1.00000  8.52014e-02  1.5202e-02
        1.05000  9.26381e-02  1.6804e-02
        1.10000  7.33676e-02  2.0741e-02
        1.15000  7.57356e-02  1.6274e-02
        1.20000  8.87837e-02  1.6810e-02
        1.25000  8.27976e-02  1.7645e-02
        1.30000  7.66555e-02  1.8493e-02
        1.35000  7.02820e-02  1.6998e-02
        1.40000  6.32566e-02  1.4808e-02
        1.45000  7.24359e-02  1.6028e-02
        1.50000  6.84833e-02  2.3772e-02
        1.55000  5.56613e-02  1.4541e-02
        1.60000  6.49393e-02  1.5870e-02
        1.65000  5.00006e-02  1.9224e-02
        1.70000  4.11278e-02  1.7205e-02
        1.75000  5.41171e-02  1.5558e-02
        1.80000  5.43998e-02  1.9404e-02
        1.85000  4.71978e-02  1.4379e-02
        1.90000  4.59708e-02  1.3666e-02
        1.95000  4.14508e-02  1.3743e-02
        2.00000  4.34039e-02  1.6536e-02
        2.05000  3.72031e-02  9.4488e-03
        2.10000  2.95475e-02  1.4696e-02
        2.15000  2.93166e-02  1.3759e-02
        2.20000  3.98160e-02  1.1468e-02
        2.25000  4.12481e-02  1.2210e-02
        2.30000  3.49678e-02  8.2186e-03
        2.35000  3.74530e-02  9.1480e-03
        2.40000  2.83188e-02  1.0520e-02
        2.45000  3.01687e-02  9.7136e-03
        2.50000  2.90033e-02  7.8597e-03
        2.55000  2.74728e-02  4.0644e-03
        2.60000  3.18854e-02  1.1464e-02
        2.65000  3.81527e-02  1.1247e-02
        2.70000  1.69511e-02  1.1380e-02
        2.75000  1.71918e-02  5.7384e-03
        2.80000  2.43043e-02  8.2136e-03
        2.85000  3.35563e-02  1.1990e-02
        2.90000  2.31935e-02  1.2869e-02
        2.95000  3.65205e-02  1.0818e-02
        3.00000  2.81681e-02  7.7025e-03
        3.05000  2.35392e-02  9.2659e-03
        3.10000  1.85128e-02  1.2269e-02
        3.15000  3.07714e-02  6.9634e-03
        3.20000  2.27838e-02  1.2776e-02
        3.25000  2.03179e-02  1.0357e-02
        3.30000  3.27447e-02  6.0293e-03
        3.35000  2.23499e-02  8.4554e-03
        3.40000  2.71800e-02  9.9559e-03
        3.45000  3.31145e-02  1.0834e-02
        3.50000  2.27095e-02  7.9111e-03
        3.55000  2.89692e-02  1.1348e-02
        3.60000  2.43747e-02  1.2822e-03
        3.65000  3.87731e-02  7.8168e-03
        3.70000  2.34196e-02  7.7523e-03
        3.75000  2.85106e-02  9.2254e-03
        3.80000  2.51184e-02  6.6643e-03
        3.85000  3.27931e-02  1.2962e-02
        3.90000  2.33087e-02  1.0363e-02
        3.95000  4.08956e-02  8.1692e-03
        4.00000  2.54115e-02  7.2438e-03
        4.05000  2.14057e-02  5.1425e-03
        4.10000  2.62185e-02  9.3864e-03
        4.15000  2.82529e-02  1.2320e-02
        4.20000  3.10944e-02  6.4542e-03
        4.25000  3.17013e-02  8.4877e-03
        4.30000  3.47495e-02  1.0976e-02
        4.35000  2.60409e-02  9.9926e-03
        4.40000  2.76233e-02  8.9774e-03
        4.45000  2.36798e-02  4.4739e-03
        4.50000  2.77990e-02  7.8374e-03
        4.55000  3.00819e-02  6.5801e-03
        4.60000  1.91162e-02  9.2331e-03
        4.65000  2.38575e-02  5.9889e-03
        4.70000  3.66937e-02  7.1769e-03
        4.75000  2.00467e-02  9.9826e-03
        4.80000  2.83031e-02  9.9225e-03
